age	pCO2_Foster
0.00	276.01
0.50	275.73
1.00	287.21
1.50	290.03
2.00	295.99
2.50	298.02
3.00	299.35
3.50	302.99
4.00	298.33
4.50	300.00
5.00	302.58
5.50	316.98
6.00	319.11
6.50	320.22
7.00	321.30
7.50	323.48
8.00	307.94
8.50	307.34
9.00	305.75
9.50	303.88
10.00	301.66
10.50	299.40
11.00	302.28
11.50	304.17
12.00	302.62
12.50	301.76
13.00	302.03
13.50	302.88
14.00	306.53
14.50	306.58
15.00	311.09
15.50	308.28
16.00	309.27
16.50	311.35
17.00	314.57
17.50	317.72
18.00	318.43
18.50	322.31
19.00	329.95
19.50	338.28
20.00	347.04
20.50	353.00
21.00	357.73
21.50	353.38
22.00	364.28
22.50	386.96
23.00	405.42
23.50	422.13
24.00	442.57
24.50	467.05
25.00	489.12
25.50	497.88
26.00	518.95
26.50	542.70
27.00	571.25
27.50	595.24
28.00	611.44
28.50	631.02
29.00	648.54
29.50	673.59
30.00	693.51
30.50	740.87
31.00	763.85
31.50	803.95
32.00	836.26
32.50	857.90
33.00	867.91
33.50	881.50
34.00	896.72
34.50	893.53
35.00	904.18
35.50	904.32
36.00	900.70
36.50	894.77
37.00	894.98
37.50	886.26
38.00	860.04
38.50	841.87
39.00	814.58
39.50	795.57
40.00	768.22
40.50	794.57
41.00	766.13
41.50	749.27
42.00	736.23
42.50	717.84
43.00	723.59
43.50	701.63
44.00	732.40
44.50	751.41
45.00	768.61
45.50	777.06
46.00	790.45
46.50	802.80
47.00	817.34
47.50	833.98
48.00	811.38
48.50	850.04
49.00	853.41
49.50	843.32
50.00	827.61
50.50	812.64
51.00	786.20
51.50	755.57
52.00	730.23
52.50	744.05
53.00	726.72
53.50	701.62
54.00	669.94
54.50	636.54
55.00	604.41
55.50	577.47
56.00	565.49
56.50	535.85
57.00	497.39
57.50	455.74
58.00	417.94
58.50	390.44
59.00	380.40
59.50	364.39
60.00	350.14
60.50	336.38
61.00	328.65
61.50	315.58
62.00	309.78
62.50	304.22
63.00	288.17
63.50	275.40
64.00	261.70
64.50	256.67
65.00	244.44
65.50	235.40
66.00	228.84
66.50	238.80
67.00	247.76
67.50	245.15
68.00	244.28
68.50	247.71
69.00	261.65
69.50	278.05
70.00	304.07
70.50	334.70
71.00	345.49
71.50	355.69
72.00	369.23
72.50	397.26
73.00	435.21
73.50	454.20
74.00	487.96
74.50	515.38
75.00	559.27
75.50	584.05
76.00	611.01
76.50	624.52
77.00	649.32
77.50	680.95
78.00	714.54
78.50	696.89
79.00	692.48
79.50	685.23
80.00	675.53
80.50	677.98
81.00	659.94
81.50	668.49
82.00	683.89
82.50	699.49
83.00	680.80
83.50	634.30
84.00	623.45
84.50	614.81
85.00	619.42
85.50	629.72
86.00	611.63
86.50	601.04
87.00	574.15
87.50	574.37
88.00	558.55
88.50	498.70
89.00	477.51
89.50	455.56
90.00	450.16
90.50	473.13
91.00	481.15
91.50	479.48
92.00	462.19
92.50	467.86
93.00	496.03
93.50	522.13
94.00	535.30
94.50	568.52
95.00	596.80
95.50	609.86
96.00	622.05
96.50	650.13
97.00	691.83
97.50	730.74
98.00	777.35
98.50	814.98
99.00	805.80
99.50	833.61
100.00	862.05
100.50	898.53
101.00	945.01
101.50	965.86
102.00	986.66
102.50	1006.27
103.00	1013.91
103.50	1012.72
104.00	1027.05
104.50	1040.37
105.00	1046.47
105.50	1019.65
106.00	1037.44
106.50	1033.25
107.00	1028.16
107.50	1039.07
108.00	1040.79
108.50	1055.28
109.00	1058.74
109.50	1069.77
110.00	1110.78
110.50	1112.36
111.00	1148.07
111.50	1171.66
112.00	1084.42
112.50	1095.61
113.00	1194.91
113.50	1207.55
114.00	1123.15
114.50	1112.02
115.00	1107.09
115.50	1102.52
116.00	1103.25
116.50	1093.39
117.00	1077.79
117.50	1155.01
118.00	1132.44
118.50	1109.51
119.00	1085.07
119.50	1065.49
120.00	1035.66
120.50	1016.73
121.00	1004.47
121.50	990.70
122.00	983.18
122.50	968.78
123.00	987.36
123.50	931.03
124.00	878.83
124.50	861.74
125.00	856.72
125.50	867.26
126.00	899.52
126.50	935.43
127.00	925.84
127.50	856.06
128.00	848.35
128.50	836.78
129.00	846.83
129.50	913.11
130.00	935.09
130.50	950.58
131.00	906.95
131.50	879.94
132.00	886.48
132.50	892.13
133.00	909.10
133.50	925.75
134.00	949.64
134.50	972.22
135.00	983.04
135.50	993.36
136.00	1003.59
136.50	1024.47
137.00	1011.73
137.50	1014.20
138.00	1007.19
138.50	991.33
139.00	947.70
139.50	919.17
140.00	906.23
140.50	890.40
141.00	848.21
141.50	841.34
142.00	831.85
142.50	831.68
143.00	738.70
143.50	725.03
144.00	664.43
144.50	651.10
145.00	713.01
145.50	742.41
146.00	766.99
146.50	754.86
147.00	746.00
147.50	737.93
148.00	725.33
148.50	717.12
149.00	738.03
149.50	717.24
150.00	703.38
150.50	824.47
151.00	834.46
151.50	799.60
152.00	812.24
152.50	809.92
153.00	815.46
153.50	827.93
154.00	813.72
154.50	807.17
155.00	794.32
155.50	756.06
156.00	722.07
156.50	897.28
157.00	858.14
157.50	835.77
158.00	822.84
158.50	814.67
159.00	797.35
159.50	796.50
160.00	795.33
160.50	782.89
161.00	785.35
161.50	793.06
162.00	775.16
162.50	785.09
163.00	771.41
163.50	881.36
164.00	855.45
164.50	861.99
165.00	871.25
165.50	877.20
166.00	895.90
166.50	929.99
167.00	974.75
167.50	1004.32
168.00	1011.74
168.50	1029.62
169.00	1045.27
169.50	1041.41
170.00	1037.52
170.50	1029.03
171.00	1071.40
171.50	1064.67
172.00	1048.07
172.50	1043.98
173.00	1040.97
173.50	1027.70
174.00	1022.63
174.50	1018.11
175.00	1015.82
175.50	1012.49
176.00	1020.94
176.50	1015.73
177.00	1008.42
177.50	999.39
178.00	998.07
178.50	983.26
179.00	971.06
179.50	941.81
180.00	909.50
180.50	908.94
181.00	912.62
181.50	926.38
182.00	920.92
182.50	921.06
183.00	895.84
183.50	896.31
184.00	923.15
184.50	859.47
185.00	956.90
185.50	965.18
186.00	945.03
186.50	950.25
187.00	947.85
187.50	952.48
188.00	972.15
188.50	985.24
189.00	1005.13
189.50	1074.93
190.00	1111.68
190.50	1156.62
191.00	1196.72
191.50	1246.89
192.00	1345.54
192.50	1436.28
193.00	1466.45
193.50	1449.82
194.00	1740.76
194.50	1769.77
195.00	1796.57
195.50	1800.11
196.00	1783.74
196.50	1772.47
197.00	1768.36
197.50	1770.42
198.00	1767.68
198.50	1768.01
199.00	1725.17
199.50	1731.48
200.00	1732.56
200.50	1730.60
201.00	1723.92
201.50	1732.22
202.00	1689.51
202.50	1550.94
203.00	1521.18
203.50	1602.61
204.00	1583.01
204.50	1545.19
205.00	1492.68
205.50	1461.27
206.00	1543.67
206.50	1540.96
207.00	1505.03
207.50	1437.95
208.00	1368.30
208.50	1348.82
209.00	1277.87
209.50	1240.43
210.00	1206.60
210.50	1197.14
211.00	1178.39
211.50	1170.68
212.00	1172.91
212.50	1223.65
213.00	1231.62
213.50	1210.86
214.00	1207.79
214.50	1324.31
215.00	1339.32
215.50	1361.99
216.00	1381.16
216.50	1406.39
217.00	1439.63
217.50	1450.96
218.00	1501.04
218.50	1531.76
219.00	1552.40
219.50	1589.30
220.00	1599.29
220.50	1614.51
221.00	1660.23
221.50	1702.54
222.00	1776.13
222.50	1818.97
223.00	1854.49
223.50	1911.95
224.00	1955.25
224.50	2047.59
225.00	2131.92
225.50	2111.68
226.00	2073.20
226.50	2062.80
227.00	2059.04
227.50	2051.57
228.00	2082.91
228.50	2023.94
229.00	1989.51
229.50	1975.23
230.00	1938.98
230.50	1892.22
231.00	1767.46
231.50	1662.83
232.00	1613.52
232.50	1624.32
233.00	1518.27
233.50	1495.34
234.00	1478.47
234.50	1447.15
235.00	1398.80
235.50	1352.41
236.00	1300.84
236.50	1248.87
237.00	1210.03
237.50	1205.65
238.00	1204.76
238.50	1167.29
239.00	1110.06
239.50	1033.59
240.00	532.66
240.50	528.96
241.00	532.54
241.50	519.87
242.00	491.72
242.50	424.20
243.00	388.88
243.50	400.12
244.00	424.25
244.50	417.99
245.00	420.96
245.50	414.97
246.00	429.51
246.50	451.45
247.00	490.73
247.50	550.55
248.00	615.49
248.50	668.76
249.00	691.14
249.50	738.91
250.00	772.38
250.50	769.71
251.00	825.97
251.50	856.75
252.00	878.74
252.50	871.56
253.00	856.32
253.50	865.39
254.00	868.96
254.50	856.25
255.00	849.85
255.50	844.34
256.00	810.90
256.50	778.24
257.00	727.60
257.50	677.85
258.00	637.31
258.50	610.69
259.00	580.34
259.50	562.04
260.00	535.64
260.50	495.65
261.00	461.03
261.50	409.91
262.00	373.08
262.50	352.02
263.00	344.77
263.50	349.70
264.00	356.78
264.50	340.11
265.00	320.41
265.50	322.44
266.00	321.19
266.50	316.97
267.00	308.80
267.50	306.95
268.00	301.88
268.50	300.75
269.00	325.45
269.50	331.28
270.00	325.11
270.50	351.09
271.00	337.61
271.50	358.78
272.00	389.79
272.50	417.24
273.00	443.77
273.50	432.28
274.00	525.87
274.50	543.87
275.00	555.97
275.50	551.32
276.00	560.26
276.50	571.31
277.00	583.06
277.50	591.36
278.00	611.66
278.50	636.82
279.00	665.83
279.50	681.58
280.00	690.31
280.50	675.83
281.00	651.44
281.50	633.54
282.00	625.92
282.50	616.27
283.00	610.60
283.50	612.56
284.00	610.79
284.50	591.40
285.00	596.60
285.50	639.35
286.00	642.91
286.50	638.81
287.00	616.91
287.50	565.92
288.00	562.52
288.50	562.75
289.00	555.52
289.50	547.90
290.00	545.09
290.50	563.61
291.00	549.54
291.50	527.59
292.00	518.39
292.50	499.24
293.00	479.80
293.50	491.52
294.00	436.08
294.50	414.43
295.00	404.65
295.50	396.44
296.00	399.84
296.50	443.74
297.00	444.70
297.50	454.52
298.00	458.31
298.50	453.17
299.00	451.66
299.50	386.74
300.00	408.82
300.50	380.44
301.00	383.28
301.50	399.46
302.00	415.97
302.50	407.48
303.00	400.31
303.50	388.03
304.00	370.49
304.50	356.03
305.00	352.46
305.50	359.45
306.00	365.00
306.50	374.69
307.00	377.01
307.50	360.06
308.00	342.73
308.50	333.01
309.00	335.51
309.50	356.02
310.00	351.73
310.50	349.07
311.00	338.07
311.50	338.39
312.00	341.09
312.50	336.22
313.00	329.22
313.50	320.64
314.00	319.46
314.50	326.80
315.00	328.59
315.50	329.94
316.00	335.45
316.50	335.98
317.00	355.25
317.50	351.25
318.00	341.63
318.50	330.39
319.00	325.74
319.50	332.50
320.00	336.78
320.50	337.86
321.00	340.63
321.50	337.34
322.00	331.15
322.50	324.96
323.00	333.29
323.50	360.13
324.00	355.61
324.50	343.08
325.00	339.44
325.50	347.44
326.00	352.07
326.50	347.33
327.00	316.52
327.50	306.49
328.00	303.27
328.50	298.40
329.00	291.55
329.50	275.45
330.00	260.02
330.50	296.54
331.00	296.25
331.50	301.06
332.00	300.26
332.50	283.85
333.00	262.84
333.50	223.42
334.00	216.78
334.50	218.06
335.00	219.25
335.50	256.43
336.00	268.43
336.50	242.82
337.00	231.43
337.50	235.61
338.00	226.56
338.50	225.06
339.00	238.15
339.50	274.07
340.00	299.46
340.50	318.48
341.00	321.74
341.50	297.31
342.00	331.21
342.50	425.02
343.00	489.35
343.50	548.45
344.00	564.74
344.50	551.14
345.00	522.39
345.50	514.32
346.00	510.03
346.50	518.31
347.00	542.51
347.50	563.37
348.00	585.47
348.50	620.29
349.00	644.64
349.50	648.88
350.00	647.81
350.50	668.68
351.00	681.12
351.50	698.35
352.00	699.26
352.50	621.12
353.00	579.88
353.50	576.33
354.00	588.87
354.50	593.52
355.00	589.04
355.50	583.19
356.00	583.12
356.50	589.88
357.00	585.70
357.50	586.41
358.00	572.86
358.50	575.10
359.00	590.22
359.50	646.14
360.00	699.76
360.50	721.04
361.00	704.84
361.50	654.83
362.00	637.95
362.50	627.41
363.00	803.60
363.50	905.53
364.00	851.18
364.50	830.05
365.00	832.07
365.50	813.17
366.00	776.76
366.50	773.96
367.00	800.26
367.50	809.37
368.00	797.64
368.50	808.39
369.00	809.75
369.50	795.75
370.00	810.78
370.50	819.49
371.00	840.04
371.50	872.29
372.00	935.36
372.50	969.96
373.00	956.91
373.50	948.43
374.00	983.06
374.50	1021.99
375.00	1052.02
375.50	1150.59
376.00	1253.40
376.50	1312.13
377.00	1335.43
377.50	1355.12
378.00	1363.35
378.50	1306.52
379.00	1271.95
379.50	1265.19
380.00	1269.38
380.50	1223.35
381.00	1104.42
381.50	1062.01
382.00	1053.50
382.50	1108.37
383.00	1136.65
383.50	1190.14
384.00	1220.28
384.50	1371.16
385.00	1407.40
385.50	1332.10
386.00	1264.56
386.50	1222.17
387.00	1176.16
387.50	1139.51
388.00	1064.60
388.50	979.58
389.00	1017.44
389.50	1082.25
390.00	1128.63
390.50	1093.36
391.00	1000.00
391.50	972.17
392.00	985.51
392.50	1010.92
393.00	1046.21
393.50	1077.35
394.00	1113.50
394.50	1191.59
395.00	1296.84
395.50	1669.14
396.00	1709.91
396.50	1759.59
397.00	1788.11
397.50	1785.28
398.00	1809.43
398.50	1818.73
399.00	1826.32
399.50	1775.45
400.00	1731.00
400.50	1786.44
401.00	1828.25
401.50	1841.36
402.00	1845.38
402.50	1848.32
403.00	1830.65
403.50	1833.66
404.00	1848.39
404.50	1685.23
405.00	1689.11
405.50	1726.08
406.00	1793.02
406.50	1985.84
407.00	2017.43
407.50	2021.18
408.00	2034.54
408.50	1957.23
409.00	2159.74
409.50	2165.27
410.00	2102.11
410.50	2059.99
411.00	2048.24
411.50	2039.91
412.00	2055.68
412.50	2061.56
413.00	2011.83
413.50	1925.58
414.00	1739.57
414.50	1649.22
415.00	1579.21
415.50	1528.61
416.00	1547.21
416.50	1568.45
417.00	1504.45
417.50	1435.26
418.00	1387.93
418.50	1354.84
419.00	1414.00
419.50	1443.91
