age	SL_Scotese
0	3.473620564
1	16.9912287122711
2	20.6372731040467
3	16.7354227303867
4	7.60934658235111
5	-4.417286349
6	-16.22828457
7	-22.9820690552656
8	-24.8233481916472
9	-23.3415328447052
10	-20.12603388
11	-16.543935308767
12	-13.0730137249408
13	-9.96871886813118
14	-7.4865004779477
15	-5.881808294
16	-5.40174637722462
17	-6.26003607386579
18	-8.66205305149465
19	-12.8131729776823
20	-18.91877152
21	-26.9308395112305
22	-35.787828445004
23	-44.1748049801622
24	-50.7768357755469
25	-54.27898749
26	-53.7991592103012
27	-50.1865797349822
28	-44.7233102905125
29	-38.6914121033619
30	-33.3729464
31	-29.7699788740447
32	-27.7645930877074
33	-26.9588770703477
34	-26.9549188513253
35	-27.35480646
36	-27.78598196264
37	-27.9773035731484
38	-27.6829835423367
39	-26.6572341210167
40	-24.65426756
41	-21.5210878980113
42	-17.4758663254272
43	-12.8295658205375
44	-7.89314936163186
45	-2.977579927
46	1.70966518761308
47	6.37505141664115
48	11.3285298770627
49	16.8800516858561
50	23.33956796
51	30.779478979711
52	38.3219816781586
53	44.8517221517508
54	49.2533464968953
55	50.41150081
56	47.5997422453191
57	41.6472721884924
58	33.7722030830062
59	25.1926473723467
60	17.1267175
61	10.6465848367166
62	6.24065646230366
63	4.25139838383237
64	5.02127660837406
65	8.892757143
66	15.7653062615424
67	23.7663913048769
68	30.5804798806403
69	33.8920395964691
70	31.38553806
71	21.9352630925619
72	9.17478337025261
73	-2.07251221713758
74	-6.9832347798185
75	-0.733995427999989
76	19.6515853873782
77	49.7618498524567
78	83.338130812646
79	114.121761113357
80	135.8540736
81	144.034797589093
82	141.197248281585
83	131.633137349529
84	119.634176464983
85	109.4920773
86	104.494830449912
87	103.915542203156
88	106.023597771444
89	109.088382366488
90	111.3792812
91	111.438259004137
92	108.89759859283
93	103.662162300454
94	95.6368124613858
95	84.72641141
96	71.1570584075407
97	56.4398004227252
98	42.4069213511394
99	30.8907050883691
100	23.72343553
101	22.0924041602605
102	24.6049328179495
103	29.2233509305081
104	33.9099879253779
105	36.62717323
106	35.8739919634171
107	32.2965520110768
108	27.077716950028
109	21.4003503573194
110	16.44731581
111	13.221422090071
112	12.0052587993432
113	12.9013607445799
114	16.0122627325444
115	21.44049957
116	29.008459363099
117	37.4179434155504
118	45.0906063304523
119	50.4481027109028
120	51.91208716
121	48.443055354653
122	41.1568672670151
123	31.7082239430507
124	21.7518264287242
125	12.94237577
126	6.57128480291307
127	2.47681352378119
128	0.13393371899277
129	-0.982382825063764
130	-1.397164322
131	-1.56595805572926
132	-1.66638759137185
133	-1.80659556434981
134	-2.09472461008518
135	-2.638917364
136	-3.46548063614802
137	-4.27337793510978
138	-4.67973694409753
139	-4.30168534632352
140	-2.756350825
141	0.140211750961329
142	3.77623876985096
143	7.34103943425992
144	10.0239229467793
145	11.01419851
146	9.7824403418947
147	6.92428272196195
148	3.31662494508185
149	-0.163633693865503
150	-2.6395939
151	-3.46604627262013
152	-2.92454098773875
153	-1.52831811554731
154	0.209382273762758
155	1.77532011
156	2.79836114281783
157	3.47579440124906
158	4.14701473417138
159	5.15141699046247
160	6.828396019
161	9.34631476221283
162	12.1894085367345
163	14.6708807527498
164	16.1039348204434
165	15.80177415
166	13.3643881779149
167	9.53891044592492
168	5.35926052207753
169	1.85935797442009
170	0.0731223710000002
171	0.639741325375694
172	2.61947463314983
173	4.67785013543612
174	5.48039567334827
175	3.692639088
176	-1.52507148526565
177	-9.03310673418824
178	-17.197017052278
179	-24.3823528330452
180	-28.95466447
181	-29.7442772578491
182	-27.4406160960849
183	-23.1978807853961
184	-18.1702711264715
185	-13.51198692
186	-10.1485932847459
187	-8.09111661177627
188	-7.12194861023366
189	-7.0234809892607
190	-7.578105458
191	-8.4712955282712
192	-9.00085192260204
193	-8.36765716619727
194	-5.77259378426167
195	-0.416544301999998
196	8.13070435040672
197	18.8237476228724
198	30.2482765603348
199	40.9899822077314
200	49.63455561
201	55.0808764476913
202	57.4805789438083
203	57.2984859569671
204	54.9994203457838
205	51.0482049688745
206	45.9096626848551
207	40.048616352342
208	33.929888829951
209	28.0183029762983
210	22.77868165
211	18.5656122720341
212	15.2927405128265
213	12.7634766051649
214	10.7812307818372
215	9.14941327563126
216	7.67143431933478
217	6.1507041457356
218	4.39063298762154
219	2.1946310777804
220	-0.633891350999999
221	-4.18633296174572
222	-8.13332800073821
223	-12.0403196100728
224	-15.4727509318448
225	-17.9960651081495
226	-19.1757052810822
227	-18.5771145927384
228	-15.7657361852131
229	-10.3070132006019
230	-1.76638878099999
231	10.0242019930288
232	24.1668562870464
233	39.4971793281462
234	54.8507763434219
235	69.0632525599667
236	80.9702132048742
237	89.4072635052378
238	93.210008688151
239	91.2140539807073
240	82.25500461
241	66.0192040797244
242	45.5959489999827
243	24.9252742574788
244	7.94721473891657
245	-1.39819466899998
246	-0.431873180252919
247	8.48144358843217
248	21.7160659196437
249	35.6463040959702
250	46.6464684
251	52.0309676337113
252	52.8746046766406
253	51.1922809277143
254	48.9988977858587
255	48.30935665
256	50.6301622335999
257	55.4342325082614
258	61.6860887601229
259	68.350252275323
260	74.39124434
261	78.9900813582739
262	82.1937602061908
263	84.2657728777785
264	85.4696113670647
265	86.068767668077
266	86.3267337748431
267	86.5070016813908
268	86.8730633817477
269	87.6884108699415
270	89.21653614
271	91.632043245877
272	94.7539844812308
273	98.3125241996462
274	102.037826754708
275	105.6600565
276	108.925414980664
277	111.644252508071
278	113.642956585144
279	114.747914714812
280	114.7855144
281	113.675729102985
282	111.712876123447
283	109.284858720417
284	106.779580152925
285	104.584943680003
286	103.08885256068
287	102.679210053988
288	103.743919418956
289	106.670883914617
290	111.8480068
291	119.414905706626
292	128.518055755971
293	138.055646442004
294	146.925867258692
295	154.0269077
296	158.520547780179
297	160.622929594608
298	160.813785758947
299	159.572848888857
300	157.3798516
301	154.615190302258
302	151.261916582398
303	147.203745821409
304	142.32439340028
305	136.5075747
306	129.72880684039
307	122.3308138966
308	114.748121682617
309	107.415256012422
310	100.7667427
311	95.2457916663438
312	91.3303492604802
313	89.5070459384446
314	90.2625121562727
315	94.08337837
316	101.135349344955
317	110.300427083639
318	120.139687897845
319	129.214208099367
320	136.085064
321	139.666170709285
322	140.282798527755
323	138.613056553693
324	135.335053885379
325	131.126899621097
326	126.666702859126
327	122.63257269775
328	119.702618235249
329	118.554948569905
330	119.8676728
331	124.096718965444
332	130.809290872657
333	139.350411269689
334	149.065102904591
335	159.29838852541
336	169.395290880196
337	178.700832716999
338	186.560036783867
339	192.317925828851
340	195.3195226
341	195.130810852741
342	192.201618372017
343	187.202733950149
344	180.804946379458
345	173.679044452265
346	166.495816960891
347	159.926052697656
348	154.640540454882
349	151.31006902489
350	150.6054272
351	152.993595619992
352	158.126322314473
353	165.451547160513
354	174.417210035176
355	184.47125081553
356	195.061609378641
357	205.636225601577
358	215.643039361405
359	224.52999053519
360	231.745019
361	236.895290502793
362	240.224874270089
363	242.1370653983
364	243.035158983838
365	243.322450123116
366	243.402233912544
367	243.677805448535
368	244.5524598275
369	246.429492145851
370	249.7121975
371	254.664442471738
372	260.992379584372
373	268.262732846587
374	276.042226267071
375	283.897583854507
376	291.395529617583
377	298.102787564985
378	303.586081705397
379	307.412136047507
380	309.1476746
381	308.499652522055
382	305.735949574824
383	301.26467666995
384	295.493944719079
385	288.831864633856
386	281.686547325923
387	274.466103706927
388	267.578644688512
389	261.432281182321
390	256.4351241
391	253.023356403161
392	251.745449253289
393	253.177945861836
394	257.897389440256
395	266.4803232
396	279.028891446766
397	293.74764286323
398	308.36672722631
399	320.616294312927
400	328.2264939
401	329.50146764553
402	325.041324731847
403	316.020166222361
404	303.612093180483
405	288.991206669625
406	273.331607753196
407	257.807397494609
408	243.592676957273
409	231.8615472046
410	223.7881093
411	220.186388853145
412	220.430109658746
413	223.532920057774
414	228.508468391202
415	234.370403
416	240.163310247472
417	245.055528586247
418	248.246334491286
419	248.93500443755
420	246.3208149
421	240.079247679368
422	231.790605879468
423	223.511397929883
424	217.298132260199
425	215.2073173
426	218.628805346256
427	226.285824165482
428	236.234945391581
429	246.532740658453
430	255.2357816
431	260.812342292643
432	263.377506582878
433	263.458060759721
434	261.580791112189
435	258.272483929297
436	254.059925500061
437	249.469902113498
438	245.029200058622
439	241.264605624451
440	238.7029051
441	237.732965685172
442	238.191978223419
443	239.77921446908
444	242.193946176494
445	245.1354451
446	248.27336936945
447	251.158922616753
448	253.313694849331
449	254.259276074606
450	253.5172563
451	250.782832797827
452	246.445631899967
453	241.068887203195
454	235.215832304281
455	229.4497008
456	224.242252089643
457	219.699348782577
458	215.83537929069
459	212.664732025869
460	210.2017954
461	208.458676110572
462	207.438353997477
463	207.14152718621
464	207.568893802264
465	208.721151971133
466	210.598999818312
467	213.203135469294
468	216.534257049574
469	220.593062684644
470	225.3802505
471	230.849466292757
472	236.76614654652
473	242.848675416515
474	248.815437057968
475	254.384815626107
476	259.275195276157
477	263.204960163344
478	265.892494442897
479	267.05618227004
480	266.4144078
481	263.863430819804
482	260.011013643679
483	255.642794217652
484	251.54441048775
485	248.5015004
486	247.132218189193
487	247.384783245178
488	249.039931246566
489	251.878397871969
490	255.6809188
491	260.233638728551
492	265.344338432636
493	270.826207706552
494	276.492436344592
495	282.156214141054
496	287.630730890231
497	292.729176386418
498	297.264740423912
499	301.050612797008
500	303.8999833
501	305.67135044254
502	306.404447595702
503	306.184316845918
504	305.096000279617
505	303.224539983231
506	300.65497804319
507	297.472356545925
508	293.761717577866
509	289.608103225444
510	285.096555575089
511	280.312116713233
512	275.339828726306
513	270.264733700738
514	265.17187372296
515	260.146290879403
516	255.273027256497
517	250.637124940673
518	246.323626018362
519	242.417572575994
520	239.0040067
521	236.147006347905
522	233.826792961613
523	232.002623854123
524	230.633756338432
525	229.67944772754
526	229.098955334444
527	228.851536472144
528	228.896448453638
529	229.192948591924
530	229.7002942
531	230.385728925687
532	231.248441756087
533	232.295608013127
534	233.534403018731
535	234.972002094824
536	236.615580563331
537	238.472313746177
538	240.549376965287
539	242.853945542587
540	245.3931948
