age	SL_Young_M21RD
5	7.42381526584187
6	8.34817625481686
7	9.39150755900359
8	10.5406181102962
9	11.7823168405888
10	13.1034126817757
11	14.4907145657509
12	15.9310314244087
13	17.4111139801808
14	18.9146334148529
15	20.4207110792823
16	21.9081019410748
17	23.3555609678366
18	24.7418431271736
19	26.0457033866918
20	27.2458967139971
21	28.3211780766956
22	29.2544581072997
23	30.0573606018653
24	30.7536357893424
25	31.3670768680287
26	31.9214770362222
27	32.440629492221
28	32.9483274343228
29	33.4683577080916
30	34.017306845436
31	34.5907354192007
32	35.1803866309083
33	35.7780036820815
34	36.3753297742429
35	36.964108108915
36	37.5360818876206
37	38.0829943118823
38	38.5965885832226
39	39.0686079031643
40	39.4907954732299
41	39.854894494942
42	40.1526481702671
43	40.3763130455037
44	40.5201406555324
45	40.5788670979517
46	40.5472284703597
47	40.4199608703549
48	40.1918003955355
49	39.8574831434999
50	39.4137992651524
51	38.8861167137991
52	38.3207492225255
53	37.7644918343158
54	37.2641395921543
55	36.8664875390251
56	36.6183307179125
57	36.5664641718007
58	36.7576829436741
59	37.2244504490022
60	37.9286692277527
61	38.8105630009849
62	39.810349642441
63	40.8682470258636
64	41.9244730249949
65	42.9192455135775
66	43.7927823653537
67	44.4853317173721
68	44.9655150172246
69	45.2829755347466
70	45.5017248827754
71	45.6857746741486
72	45.8991365217037
73	46.2058220382781
74	46.6698428367093
75	47.3534713985773
76	48.2622438311271
77	49.3337307856133
78	50.50149498247
79	51.6990991421314
80	52.8601059850318
81	53.9180782316053
82	54.8065845726835
83	55.4786556714946
84	55.950062986915
85	56.2491968804914
86	56.4044477137707
87	56.4442058482998
88	56.3968616456255
89	56.2908054672946
90	56.1544276748541
91	56.0161186298507
92	55.9042686938313
93	55.8472682283428
94	55.8735075798849
95	56.0047091027213
96	56.2369655212287
97	56.5602126305584
98	56.9643862258615
99	57.4394221022892
100	57.9752560549928
101	58.5618238791234
102	59.1890613698322
103	59.8468358737323
104	60.522406873437
105	61.1996765316596
106	61.8623256666111
107	62.4940350965027
108	63.0784856395456
109	63.5993581139511
110	64.0403333379302
111	64.3850921296942
112	64.6173153074542
113	64.7206836894215
114	64.6788780938072
115	64.4755793388225
116	64.0944682426785
117	63.5192256235866
118	62.7335322997578
119	61.7210690894033
120	60.4655168107343
121	58.950556281962
122	57.1598686072432
123	55.0874307509746
124	52.7647239585816
125	50.2317665931359
126	47.5285770177094
127	44.6951735953738
128	41.771574689201
129	38.7977986622628
130	35.810375024547
131	32.8099088051966
132	29.7758538035374
133	26.6873920769208
134	23.5237056826977
135	20.2639766782193
136	16.8873871208367
137	13.3731190679011
138	9.70035457676347
139	5.84827570477506
140	1.79821468104072
141	-2.45577527686913
142	-6.91497983529504
143	-11.5806776328551
144	-16.4541473081674
145	-21.53666749985
146	-26.8295168465211
147	-32.3339739867986
148	-38.0490448406583
149	-43.924482618804
150	-49.8624092825484
151	-55.7629984804618
152	-61.5264238611144
153	-67.0528590730765
154	-72.2424777649183
155	-76.9954535852102
156	-81.2119601825223
157	-84.7983724770473
158	-87.7395318413532
159	-90.0741053684618
160	-91.8418127418435
161	-93.0823736449685
162	-93.8355077613072
163	-94.1409347743298
164	-94.0383743675067
165	-93.5675462243083
166	-92.7681710097008
167	-91.681983875227
168	-90.3569687586613
169	-88.8423176049826
170	-87.1872223591695
171	-85.4408749662008
172	-83.6524673710554
173	-81.871191518712
174	-80.1456544581631
175	-78.5072200465875
176	-76.9675962485117
177	-75.537420996542
178	-74.2273322232851
179	-73.0479678613474
180	-72.0099658433355
181	-71.1239609072631
182	-70.3930239808648
183	-69.7964657126475
184	-69.3089433210516
185	-68.9051140245172
186	-68.5596350414844
187	-68.2471635903935
188	-67.9423568896847
189	-67.619872157798
190	-67.2543666131739
191	-66.8204974742523
192	-66.2953185870732
193	-65.6873691851438
194	-65.0273667082329
195	-64.3464918401708
196	-63.6759252647872
197	-63.0468476659124
198	-62.4904397273762
199	-62.0378821330086
200	-61.7203515977497
201	-61.557626841255
202	-61.5331040900119
203	-61.6229359041863
204	-61.8032748439441
205	-62.0502734694513
206	-62.3400843408737
207	-62.6488600183772
208	-62.9527530621279
209	-63.2279160322915
210	-63.4505014890341
211	-63.5966992201383
212	-63.6525183750403
213	-63.6269082298505
214	-63.532088492182
215	-63.3802788696481
216	-63.1836990698621
217	-62.9545688004372
218	-62.7051077689867
219	-62.4475356831239
220	-62.1953863719786
221	-61.9799904777208
222	-61.8454827734421
223	-61.8362795601202
224	-61.996797138733
225	-62.3714518102583
226	-63.0046598756738
227	-63.9408376359574
228	-65.2244013920867
229	-66.87653434707
230	-68.7819676560483
231	-70.7757764002594
232	-72.6929644090069
233	-74.3685355115947
234	-75.6374935373264
235	-76.3348423155058
236	-76.2955856754367
237	-75.3547974911945
238	-73.4034100543758
239	-70.4886402283324
240	-66.6848288138884
241	-62.0663166118681
242	-56.7074444230957
243	-50.6825530483954
244	-44.0659832885915
245	-36.9320759445081
246	-29.3551718169695
247	-21.4096117068
248	-13.1697364148236
249	-4.71247222707348
250	3.86361899670461
251	12.4491927835411
252	20.934825680491
253	29.2110942346088
254	37.1685749929496
255	44.6978445025681
256	51.689479310519
257	58.0340559638573
258	63.6223643994639
259	68.3951052592799
260	72.406723417379
261	75.7274309347589
262	78.4274398724176
263	80.5769622913528
264	82.2462102525624
265	83.5053958170443
266	84.4247310457964
267	85.0744279998164
268	85.5246987401021
269	85.8457553276516
270	86.1078098234625
271	86.3808731438486
272	86.7326177457004
273	87.2292073300093
274	87.9367804485819
275	88.9214756532249
276	90.2494314957449
277	91.9867865279485
278	94.1996793016424
279	96.9542483686333
280	100.316632280728
281	104.352969589732
282	109.128656111711
283	114.645836954824
284	120.796027891721
285	127.459587497968
286	134.516874349129
287	141.848247020769
288	149.334064088453
289	156.854684127747
290	164.290465714214
291	171.534883711512
292	178.570184893132
293	185.415419102775
294	192.089754622362
295	198.612359733814
296	205.002402719052
297	211.279051859995
298	217.461475438566
299	223.568822971535
300	229.615264273148
301	235.603321303594
302	241.533853179462
303	247.40771901734
304	253.225777933817
305	258.988889045482
306	264.697911468924
307	270.353704320731
308	275.95621329613
309	281.496328739157
310	286.959764486102
311	292.332173614681
312	297.599209202616
313	302.746524327624
314	307.759772067424
315	312.624605499736
316	317.326677702277
317	321.851779101105
318	326.189501314296
319	330.333632358153
320	334.27817688105
321	338.017139531361
322	341.544524957459
323	344.854337807719
324	347.940582730515
325	350.7973873916
326	353.433782526042
327	355.887752514803
328	358.200609677674
329	360.413666334449
330	362.56823480492
331	364.70562740888
332	366.867156466122
333	369.09044350521
334	371.387163508005
335	373.757863175469
336	376.203046602145
337	378.723217882576
338	381.318881111307
339	383.990540382881
340	386.738699791844
341	389.563863432738
342	392.466535400108
343	395.446721182758
344	398.500488137368
345	401.622034383583
346	404.805546747031
347	408.04521205334
348	411.335217128137
349	414.669748797049
350	418.042993885703
351	421.449113395571
352	424.869342628744
353	428.251077790702
354	431.536245438904
355	434.666772130808
356	437.584584423875
357	440.231608875565
358	442.549772043336
359	444.481000484648
360	445.970967253631
361	447.024715666333
362	447.694747596184
363	448.034891559021
364	448.098976070687
365	447.94082964702
366	447.614280803861
367	447.17315805705
368	446.671289756709
369	446.154007981891
370	445.635363913025
371	445.122211546587
372	444.62140487905
373	444.139797906888
374	443.684244626576
375	443.261599034588
376	442.878715127399
377	442.542415671017
378	442.257360777878
379	442.024680896852
380	441.845181106142
381	441.719666483953
382	441.648942108488
383	441.633813057951
384	441.675084410547
385	441.773561244479
386	441.92721585334
387	442.119233461284
388	442.327990160769
389	442.531859467258
390	442.709214896219
391	442.838429963118
392	442.89787818342
393	442.863004934782
394	442.648019703925
395	442.109110307647
396	441.100179855018
397	439.475131455112
398	437.087868216997
399	433.792293249746
400	429.442309662429
401	423.893871498441
402	417.111186328337
403	409.2182552789
404	400.351930935742
405	390.649065884475
406	380.246512710712
407	369.281124000065
408	357.889752338146
409	346.209250310569
410	334.376470502946
411	322.531979362315
412	310.840312238286
413	299.475522675241
414	288.611688328509
415	278.422886853419
416	269.0831959053
417	260.766693139482
418	253.647456211294
419	247.899544518754
420	243.628276149245
421	240.714977257279
422	238.995426900033
423	238.305404134687
424	238.480688018421
425	239.357057608413
426	240.770291961843
427	242.556170135891
428	244.550471187736
429	246.588974174556
430	248.507458153531
431	250.159692762714
432	251.584380967607
433	252.928966014173
434	254.342282692782
435	255.973165793806
436	257.970450107619
437	260.48297042459
438	263.659561518638
439	267.611772792857
440	272.305405321565
441	277.670652172775
442	283.637706414502
443	290.136761114761
444	297.098009341567
445	304.451644162934
446	312.127858646876
447	320.056845861409
448	328.16589138359
449	336.349088009071
450	344.47939849087
451	352.429445985419
452	360.071853649153
453	367.279244638504
454	373.924242109906
455	379.879469219793
456	385.017549124597
457	389.233510883564
458	392.529468454115
459	394.939490768201
460	396.497652344692
461	397.238027702457
462	397.194691360366
463	396.401717837288
464	394.893181652093
465	392.703157323651
466	389.868836432602
467	386.473178159133
468	382.633932508578
469	378.469719312056
470	374.099158400686
471	369.640869605585
472	365.213472757873
473	360.935587688666
474	356.925834229085
475	353.289851458779
476	350.0462578933
477	347.177903618688
478	344.667528782145
479	342.497873530872
480	340.651678012072
481	339.111682372947
482	337.860626760699
483	336.881251322529
484	336.156150226584
485	335.656639461944
486	335.334926915019
487	335.141370714354
488	335.026328988492
489	334.94016095695
490	334.844128773834
491	334.737194540686
492	334.626463102189
493	334.519039303026
494	334.42202798788
495	334.342534001432
496	334.287662188366
497	334.264517393364
498	334.280204461109
499	334.341828236283
500	334.456493563569
501	334.63130528765
502	334.873368253208
503	335.189787304926
504	335.587648983904
505	336.069548622938
506	336.627743054893
507	337.253039592857
508	337.936245549922
509	338.668168239176
510	339.43961497371
511	340.241393066613
512	341.064309830976
513	341.898717327052
514	342.704762452277
515	343.394032113975
516	343.873725567252
517	344.051042067219
518	343.833180868981
519	343.127341227648
520	341.840722398326
521	339.88064469345
522	337.20785324075
523	333.920167791789
524	330.137085272065
525	325.978102607073
526	321.562716722311
527	317.010424543275
528	312.44072299546
529	307.973109004364
530	303.727079495482
531	299.788141095879
532	296.081088393878
533	292.483263633961
534	288.8720021053
535	285.124639097063
536	281.11850989842
537	276.730949798541
538	271.839294086596
539	266.329856877144
540	260.201697782109
541	253.530796021859
542	246.394614430767
543	238.870615843204
544	231.036263093545
545	222.969019016161
546	214.746346445426
547	206.445703803327
548	198.136145879965
549	189.860838762505
550	181.657979209753
551	173.565763980512
552	165.622389833588
553	157.866053527783
554	150.334951821902
