age	SL_Haq
4	39.4486667605742
5	44.1848022211356
6	48.2328944987469
7	51.6346588801869
8	54.4318106522346
9	56.6667903385682
10	58.3854101353626
11	59.6344613291827
12	60.4607353126716
13	60.911023478472
14	61.0321172192269
15	60.8708079275793
16	60.4737398889814
17	59.880707614196
18	59.1218916000066
19	58.2267523937913
20	57.2247505429285
21	56.1453465947962
22	55.0180010967727
23	53.872174596236
24	52.7373276405644
25	51.642920777136
26	50.618414553329
27	49.7208200047787
28	49.1621630471005
29	49.2086420441324
30	50.1265121629726
31	52.1820285707188
32	55.6414464344692
33	60.7683546070059
34	67.551060345396
35	75.4669743957886
36	83.9413540164676
37	92.4152909747277
38	100.456848144728
39	107.997362422405
40	115.0300354418
41	121.537846978502
42	127.523740742853
43	133.095870593664
44	138.394972581676
45	143.508034872074
46	148.37576773693
47	152.914235403955
48	157.051232522624
49	160.786661380854
50	164.147804224878
51	167.161995942362
52	169.856571420974
53	172.259262955085
54	174.402037736992
55	176.319422814591
56	178.045980785248
57	179.616274246329
58	181.064865795199
59	182.426318029224
60	183.735183069806
61	185.019785785833
62	186.291719626227
63	187.55979695776
64	188.832830147201
65	190.119631561321
66	191.42901356689
67	192.769788530678
68	194.150768819455
69	195.580766799992
70	197.068348741672
71	198.609945083506
72	200.184549751326
73	201.769806595887
74	203.343359467943
75	204.88285221825
76	206.365928697561
77	207.770232756633
78	209.073422487359
79	210.257727313246
80	211.316470402462
81	212.244625177273
82	213.037165059948
83	213.689063472755
84	214.195293837962
85	214.550829577836
86	214.750644114646
87	214.789710870658
88	214.663003268142
89	214.36393251717
90	213.871843734635
91	213.158635739867
92	212.196139465028
93	210.95618584228
94	209.410605803786
95	207.531230281707
96	205.289890208208
97	202.658464424814
98	199.629643299674
99	196.249375537707
100	192.572008350779
101	188.651888950754
102	184.543364549498
103	180.300782358877
104	175.976302768404
105	171.545040113122
106	166.886402578158
107	161.873824392645
108	156.380739785716
109	150.284694606997
110	143.690737653305
111	137.045932252769
112	130.825555731866
113	125.504883205495
114	121.44391102343
115	118.578012615853
116	116.744817244791
117	115.781954172273
118	115.527052660327
119	115.817741970982
120	116.491651366264
121	117.386410108204
122	118.339647458829
123	119.189182950031
124	119.804266840947
125	120.120337171153
126	120.081207414708
127	119.63069104567
128	118.712601538098
129	117.27075236605
130	115.248957003586
131	112.591028924763
132	109.253855625968
133	105.358428417204
134	101.137665656665
135	96.8266430042845
136	92.6604361199971
137	88.8741206637369
138	85.7027722954383
139	83.3814666750353
140	82.1391909132791
141	82.0463362037735
142	83.0036458795028
143	84.9035611905947
144	87.6385233871769
145	91.1009737193772
146	95.1810302541226
147	99.6329017702127
148	104.002115607991
149	107.816477220373
150	110.603792060273
151	111.908644401778
152	111.683783006062
153	110.302879744542
154	108.158937792303
155	105.644960324433
156	103.147305273589
157	100.871527322004
158	98.8253267850762
159	97.0063398274921
160	95.4122026139371
161	94.0405513090968
162	92.8890220776568
163	91.9552510843028
164	91.2368722251929
165	90.6963366109413
166	90.1719097227842
167	89.4744707093258
168	88.4148987191708
169	86.8040729009235
170	84.4528724031883
171	81.1759501836547
172	77.0483429686194
173	72.5695211515975
174	68.2780146576219
175	64.7123534117258
176	62.4078877755504
177	61.5395649648361
178	61.5950913099827
179	61.9849597013151
180	62.1196630291583
181	61.4096941838373
182	59.265546055677
183	55.0977115350025
184	48.3166835121387
185	38.4788893942286
186	26.6352449705106
187	14.7128661228136
188	4.649983372049
189	-1.61517276087194
190	-2.14437175503784
191	5.00061691046267
192	18.1945887885192
193	21.0361666520206
194	12.3476905614783
195	-1.03432992683911
196	-12.5803721190477
197	-20.5181054313578
198	-26.697793189682
199	-32.4760592317064
200	-37.762347907024
201	-42.246089920288
202	-45.6167159761516
203	-47.6133787085534
204	-48.3197716654836
205	-47.9654734225759
206	-46.7805863034905
207	-44.9952126318876
208	-42.8394547314274
209	-40.5434149257701
210	-38.3371955385758
211	-36.4277703565696
212	-34.8355741024581
213	-33.4909120292126
214	-32.3235041881137
215	-31.2630706304421
216	-30.2393314074784
217	-29.1820065705033
218	-28.0208161707974
219	-26.6911755549625
220	-25.1810664590885
221	-23.5068615392183
222	-21.6852106434521
223	-19.7327636198905
224	-17.6661703166338
225	-15.5020805817823
226	-13.2571442634366
227	-10.9480112096968
228	-8.60416541589297
229	-6.36107445104987
230	-4.40644257193999
231	-2.92834074384983
232	-2.11483993206583
233	-2.15401110187447
234	-3.23392521856222
235	-5.54265324741555
236	-9.26826615372092
237	-14.5240023357855
238	-20.7516888671294
239	-27.0387422895639
240	-32.4693801426016
241	-36.2629628674618
242	-38.45203207574
243	-39.3718353518308
244	-39.3581300781565
245	-38.7466736371396
246	-37.8732234112025
247	-37.0735367827677
248	-36.6833711342577
249	-37.0359556965361
250	-38.2736987716031
251	-40.2182271787777
252	-42.6604283747891
253	-45.3911898163667
254	-48.2013989602396
255	-50.881943263137
256	-53.2237101817884
257	-55.0175871729227
258	-56.0544616932694
259	-56.1281239261397
260	-55.2090943758207
261	-53.5433116941368
262	-51.4005046467194
263	-48.9764091318966
264	-46.2546084425752
265	-43.1809013822558
266	-39.7010867544391
267	-35.7609633626256
268	-31.3088241071787
269	-26.461289886438
270	-21.607239987282
271	-17.1603524722939
272	-13.5174604964132
273	-10.7972049269037
274	-8.88986240677693
275	-7.6789521378923
276	-7.04799332210945
277	-6.88050516128799
278	-7.06000685728748
279	-7.47001761220353
280	-8.00537002610025
281	-8.60577710127481
282	-9.2220794112826
283	-9.80511752967901
284	-10.3057320300194
285	-10.6747634858593
286	-10.8630524707539
287	-10.8214395582587
288	-10.5007653219291
289	-9.85187033532053
290	-8.8294679207421
291	-7.4605160776736
292	-5.83594644064887
293	-4.04890151460596
294	-2.19252380448289
295	-0.359955815217727
296	1.3556599482515
297	2.86118098098674
298	4.06346477804996
299	4.86957619653128
300	5.21741401729422
301	5.1081294285311
302	4.55063418291697
303	3.55384003312689
304	2.12665873183591
305	0.279786460959903
306	-1.95150620537058
307	-4.51406285143261
308	-7.35432281042922
309	-10.4187254155635
310	-13.6537100000384
311	-17.005715897057
312	-20.4211587696719
313	-23.840559472502
314	-27.1908276610636
315	-30.3969579862144
316	-33.3839450988121
317	-36.0767836497145
318	-38.4004682897793
319	-40.279993669864
320	-41.6424753647981
321	-42.460145758443
322	-42.7484075255341
323	-42.5243947237623
324	-41.8052414108188
325	-40.6080816443946
326	-38.9500494821809
327	-36.8482789818688
328	-34.3313492459693
329	-31.4840632885587
330	-28.4084605894491
331	-25.2065851398948
332	-21.9804809311502
333	-18.8315844456026
334	-15.8097691848415
335	-12.874818064508
336	-9.97744055013321
337	-7.06834610724819
338	-4.09825297758853
339	-1.02579653799602
340	2.16788694907024
341	5.49769084560104
342	8.97850851358717
343	12.6232535555974
344	16.3752781987294
345	20.0916350317678
346	23.6240003684323
347	26.8240505224426
348	29.5557659545734
349	31.8003614349037
350	33.6040020471206
351	35.0135427843566
352	36.0758386397443
353	36.8377446064161
354	37.3461156775047
355	37.6478108441896
356	37.7912739632002
357	37.8289427721665
358	37.8138743232354
359	37.799125668554
360	37.8377538602693
361	37.9828159505282
362	38.2873689914778
363	38.8044700352652
364	39.5871761340372
365	40.6884449387624
366	42.1378105103142
367	43.911341386658
368	45.977681452181
369	48.3054745912705
370	50.8633646883138
371	53.6199956276981
372	56.5440112938107
373	59.6019426106306
374	62.7341817837646
375	65.8634777364962
376	68.912248241425
377	71.8029110711509
378	74.4578840017281
379	76.8129730970143
380	78.8565180756179
381	80.5897420294182
382	82.0138680502946
383	83.1301192301262
384	83.9397186607925
385	84.4438894341725
386	84.6438546421458
387	84.5386000796412
388	84.1171990963888
389	83.365980748295
390	82.2712739932411
391	80.8194077891082
392	78.9967110937773
393	76.7895128651299
394	74.1841420610469
395	71.1831115190821
396	67.8895376681994
397	64.445134755042
398	60.991696336274
399	57.6710159685596
400	54.6248872085629
401	51.9909871231518
402	49.8482858139966
403	48.2319935744799
404	47.1762747879777
405	46.7152938378662
406	46.8832151075213
407	47.7142029803191
408	49.2424218396356
409	51.5020276087633
410	54.468199297655
411	57.9161225699571
412	61.5786312027969
413	65.1885589733021
414	68.4787396586
415	71.2018287955477
416	73.3520393980586
417	75.0848808749742
418	76.5588068609494
419	77.9322709906394
420	79.3637268986989
421	81.011628219783
422	83.0321265119741
423	85.4444266706108
424	88.0561408182005
425	90.6567581606737
426	93.0357679039607
427	94.982659253992
428	96.2869214166981
429	96.7380435980093
430	96.1278344106374
431	94.4174735591395
432	91.849687219824
433	88.6937888361851
434	85.2190918517175
435	81.6949097099154
436	78.3905558542732
437	75.5753437282855
438	73.5185867754466
439	72.4895984392508
440	72.7576921631927
441	74.5293008743051
442	77.5136599054519
443	81.183786931874
444	85.0112668603678
445	88.474453681973
446	91.3252907415011
447	93.6772848453994
448	95.6687365732037
449	97.43794650445
450	99.1232152186741
451	100.860014261044
452	102.686020416652
453	104.5185024582
454	106.267316038726
455	107.842316811268
456	109.153360428864
457	110.110302544552
458	110.622998811369
459	110.615872194022
460	110.103550174907
461	109.135144715535
462	107.759837040224
463	106.026808373296
464	103.985239939069
465	101.684312961864
466	99.1732666107531
467	96.5110170405935
468	93.7769126598553
469	91.0528954404252
470	88.4209073541902
471	85.9628903730369
472	83.7607864688521
473	81.8965376135226
474	80.4457045357948
475	79.3704179531087
476	78.5352912803026
477	77.8017620428337
478	77.0312677661594
479	76.0852459757368
480	74.8251341970232
481	73.1123699554759
482	70.8083907765523
483	67.8157746011172
484	64.215477833803
485	60.1367908651051
486	55.7090049508858
487	51.0614113470074
488	46.3227250284578
489	41.6152125826085
490	37.0570964556132
491	32.7665367208806
492	28.8604078433257
493	25.3806257756356
494	22.2541561157441
495	19.3982192456237
496	16.7300355472468
497	14.1668254025858
498	11.6287418053119
499	9.08340070207881
500	6.53687863206457
501	3.99635927208669
502	1.4690262989627
503	-1.03793661048989
504	-3.51734577945354
505	-5.96368811609626
506	-8.38123745671538
507	-10.7778207628176
508	-13.1612700067526
509	-15.5394171608703
510	-17.9200941975205
511	-20.3111330890529
