age	SL_Verard
5	9.63502520616935
6	8.84314251620336
7	8.85606376141065
8	9.59769996218118
9	10.9919621389049
10	12.9627613119719
11	15.434008501772
12	18.3214720777355
13	21.5000969283286
14	24.8320613212928
15	28.1795391767754
16	31.4047044149239
17	34.3697309558859
18	36.9367944211272
19	39.0137151940314
20	40.6729356192352
21	42.0239979981981
22	43.1764446323792
23	44.2398178232379
24	45.3236598722334
25	46.5375130808252
26	47.9909197504724
27	49.7900003984223
28	51.9700263284475
29	54.4995252883274
30	57.344425290544
31	60.4706543475791
32	63.8441404719146
33	67.4308118382912
34	71.1999556775879
35	75.1328573876225
36	79.21348014117
37	83.4257871110054
38	87.7529901477966
39	92.1660828630418
40	96.6261275267334
41	101.093898632626
42	105.529314621449
43	109.874824329883
44	114.056557779806
45	118.000019433003
46	121.630713751261
47	124.881014917836
48	127.764436120311
49	130.347451833739
50	132.697447200175
51	134.881807361672
52	136.967917460286
53	139.023162638069
54	141.114462508712
55	143.286480404098
56	145.552301534163
57	147.922609388395
58	150.408087456279
59	153.019419227303
60	155.767288190954
61	158.662372804692
62	161.698001360766
63	164.811331723526
64	167.928175225374
65	170.974343198714
66	173.875646975949
67	176.557897889482
68	178.947022092356
69	181.000629364216
70	182.751019145232
71	184.241247245048
72	185.514369473312
73	186.613441639667
74	187.581519553761
75	188.461659025239
76	189.296915863748
77	190.131169246146
78	191.01779714149
79	192.016271355496
80	193.186163722719
81	194.587046077713
82	196.278490255032
83	198.320068089231
84	200.771351414863
85	203.660956812816
86	206.88108693863
87	210.286379011102
88	213.731469101656
89	217.070993281713
90	220.159587622695
91	222.851888196025
92	225.00295725534
93	226.511816302736
94	227.359048203559
95	227.5340954718
96	227.026400621448
97	225.825406166494
98	223.920554620929
99	221.301288498742
100	217.99043730465
101	214.156536683712
102	210.007860071959
103	205.752681797659
104	201.599276189078
105	197.747476097528
106	194.310525567479
107	191.350838567333
108	188.930181820917
109	187.11032205206
110	185.953025984589
111	185.520060342333
112	185.850241845907
113	186.818863056167
114	188.230241792054
115	189.888407850795
116	191.597391029616
117	193.161221125742
118	194.383927936399
119	195.069541258813
120	195.022090890209
121	194.064044741772
122	192.119307288358
123	189.146480645837
124	185.10419724017
125	179.951089497316
126	173.646770872308
127	166.314253822312
128	158.421332651555
129	150.439502835798
130	142.532817872437
131	134.723912143705
132	127.088285781818
133	119.779681232733
134	112.952150742339
135	106.635855683625
136	100.743041653793
137	95.1815588941242
138	89.8863702742969
139	84.8414297746536
140	80.035840192006
141	75.4597365151025
142	71.1170787058014
143	67.0216972643593
144	63.1876357446606
145	59.6289377005893
146	56.3501926895134
147	53.2776267994581
148	50.2987211675103
149	47.3006816240561
150	44.1707139994818
151	40.7960241241737
152	37.0776642219397
153	33.0401156571845
154	28.7726694924497
155	24.3651910715623
156	19.9073439281246
157	15.4575414670175
158	11.0094317357137
159	6.54861982929739
160	2.06071084285281
161	-2.46779309825949
162	-7.00638859293332
163	-11.4614872490199
164	-15.7346309294738
165	-19.72736149725
166	-23.343326694216
167	-26.5348766404347
168	-29.3032127221752
169	-31.6516719823095
170	-33.5835914637091
171	-35.102308209246
172	-36.2111592617919
173	-36.9134378197822
174	-37.2034996550738
175	-37.0559327746615
176	-36.4426770570847
177	-35.3356723808829
178	-33.7068586245953
179	-31.5281756667614
180	-28.7716138326051
181	-25.4126936305848
182	-21.4327182826085
183	-16.813526651907
184	-11.5369576017112
185	-5.62583534756334
186	0.641762791969638
187	6.88965941641754
188	12.7426842463262
189	18.062786762878
190	23.2316495703556
191	28.6998575964759
192	34.8914680783318
193	41.7601788629048
194	48.8559426337054
195	55.7156047042339
196	61.9446994777141
197	67.5084565915695
198	72.4894471577787
199	76.9700313426655
200	81.0030509797707
201	84.5859884166906
202	87.7102320633883
203	90.367170329827
204	92.54819162597
205	94.2446843617803
206	95.4544787232845
207	96.226581032571
208	96.6344092132595
209	96.7515317087048
210	96.6515169622614
211	96.4079334172841
212	96.0943495171274
213	95.7843337051462
214	95.5514544246949
215	95.462151747655
216	95.5393544878595
217	95.7895772915246
218	96.2193045688103
219	96.8350207298767
220	97.6432101848837
221	98.6503573439914
222	99.8629466173597
223	101.287462415149
224	102.893701391203
225	104.477644404186
226	105.783848957675
227	106.556864757954
228	106.541241511302
229	105.481528924001
230	103.122287259764
231	99.2896030909835
232	94.0876295931428
233	87.6797522554719
234	80.2300588930705
235	71.9290861945584
236	63.0012427990282
237	53.6608611257125
238	44.0690383240946
239	34.3721849572114
240	24.5567700298911
241	14.1821003413091
242	3.29534277092874
243	-6.4432052661169
244	-13.7694080808301
245	-19.5603749041565
246	-24.9578607607917
247	-30.1551631138429
248	-34.9806989213377
249	-39.262122380172
250	-42.8270876872417
251	-45.5057683055303
252	-47.2375081007141
253	-48.1103317028902
254	-48.2229221901477
255	-47.6739626405759
256	-46.5621361322639
257	-44.9861257433011
258	-43.0446145517767
259	-40.8361457255466
260	-38.44596206914
261	-35.9352277087888
262	-33.3625701426433
263	-30.7866168688538
264	-28.2659953855703
265	-25.8593331909433
266	-23.6252577831227
267	-21.6222886217564
268	-19.8939998021882
269	-18.4538732001407
270	-17.3117797012775
271	-16.4775901912619
272	-15.9611755557572
273	-15.7724066804267
274	-15.9211544509339
275	-16.4172897529421
276	-17.2705013332417
277	-18.4689447725448
278	-19.9592242762221
279	-21.6832074237463
280	-23.5827617945901
281	-25.5997549682261
282	-27.676054524127
283	-29.7535280417655
284	-31.7740431006143
285	-33.6795953228817
286	-35.4197520647561
287	-36.9557535824878
288	-38.2498368921488
289	-39.2642390098109
290	-39.9611969515461
291	-40.3029477334263
292	-40.2517283715233
293	-39.7697758819091
294	-38.8202683992918
295	-37.399292461684
296	-35.5436701747429
297	-33.2927525715242
298	-30.6858906850835
299	-27.7624355484764
300	-24.5617381947584
301	-21.1171070969162
302	-17.3395486732301
303	-13.0263719054541
304	-7.97056701058401
305	-2.06154068493138
306	4.25702669879426
307	10.343775085903
308	15.5890114141953
309	19.7961206014123
310	23.0564540264768
311	25.4672260094973
312	27.1256508705823
313	28.1289429298404
314	28.5741628973501
315	28.4926459518753
316	27.7479511966935
317	26.1772526295497
318	23.6177242481885
319	19.9065400503549
320	14.8809184658159
321	8.52064361353606
322	1.26454202682908
323	-6.35694245063095
324	-13.8968535176411
325	-21.076999429797
326	-27.6395353255045
327	-33.3266163431695
328	-37.920700052457
329	-41.4270931356959
330	-43.927700280907
331	-45.5044959858108
332	-46.2394547481279
333	-46.2145510655786
334	-45.5117594358835
335	-44.2130543567631
336	-42.4004103259379
337	-40.1529942847748
338	-37.4692544820553
339	-34.2567800124499
340	-30.4183154142865
341	-25.8566052258935
342	-20.479461549443
343	-14.32613639957
344	-7.5761655186009
345	-0.415923327187247
346	6.94711384332054
347	14.1157558782971
348	20.5927040187086
349	26.1058797946375
350	31.043901016349
351	35.9154070597497
352	41.2290074343094
353	47.2538543836236
354	53.4406735725214
355	59.0654869120952
356	63.4905999048887
357	66.6958479439089
358	68.9301487862406
359	70.4435329699526
360	71.4860310331143
361	72.3076735137945
362	73.1584909500624
363	74.2812890829918
364	75.7633622990793
365	77.542194434995
366	79.5491851899217
367	81.7157342630423
368	83.9732413535393
369	86.2531061605956
370	88.4867283833941
371	90.6063534250028
372	92.5756089608368
373	94.3980452503661
374	96.0797974004638
375	97.6270005180025
376	99.0457897098552
377	100.342300082895
378	101.522666743994
379	102.593024800025
380	103.559345601881
381	104.42366933095
382	105.184011214115
383	105.838203962009
384	106.384080285262
385	106.819472894509
386	107.14221450038
387	107.350137813508
388	107.441075544526
389	107.413428230948
390	107.275034663526
391	107.041513243081
392	106.728714579716
393	106.352489283532
394	105.92868796463
395	105.473161233111
396	105.001759699078
397	104.530333972632
398	104.075287193718
399	103.659676974947
400	103.310966588804
401	103.056697957031
402	102.924413001369
403	102.941653643558
404	103.135961805342
405	103.534879408461
406	104.165948374656
407	105.051607719682
408	106.168365664473
409	107.468422313978
410	108.903756369908
411	110.426346533971
412	111.988171507876
413	113.541209993332
414	115.037440692048
415	116.428842305731
416	117.670528243702
417	118.739142989008
418	119.620376232436
419	120.299948857626
420	120.763581748217
421	120.996995787845
422	120.985911860151
423	120.716050848772
424	120.173133637347
425	119.350372613286
426	118.280766775818
427	117.010472179394
428	115.585653248345
429	114.052474407006
430	112.45710007971
431	110.845694690791
432	109.264422664582
433	107.759448425416
434	106.373308566485
435	105.133541265271
436	104.063809262781
437	103.187775295025
438	102.529102098011
439	102.111452407749
440	101.958488960249
441	102.093874491518
442	102.541269139815
443	103.315769813935
444	104.404844079426
445	105.790397633755
446	107.454336174386
447	109.378565398787
448	111.544991004422
449	113.935518688758
450	116.531884337778
451	119.307931542981
452	122.226435137724
453	125.249341979259
454	128.338598924839
455	131.456152831715
456	134.56395055714
457	137.62515562127
458	140.609802855503
459	143.490336925209
460	146.239205097196
461	148.828854638268
462	151.231732815234
463	153.420286894899
464	155.366956574902
465	157.042218029369
466	158.411975635473
467	159.44148446314
468	160.095999582301
469	160.340776062885
470	160.141068974821
471	159.462133388038
472	158.269224372464
473	156.527850689853
474	154.229414201168
475	151.413208554366
476	148.123709525237
477	144.405392889569
478	140.302734423151
479	135.860209901773
480	131.135159407778
481	126.285445990861
482	121.516211039721
483	117.032870975703
484	113.027685852317
485	109.57025522241
486	106.663391328196
487	104.309236396893
488	102.50993265572
489	101.267622331895
490	100.584179496029
491	100.427183771078
492	100.696592307304
493	101.284448942805
494	102.082797515675
495	102.983681864012
496	103.87914582591
497	104.661233239466
498	105.221987942777
499	105.454221428838
500	105.298803062003
501	104.772264397841
502	103.897784560299
503	102.698542673319
504	101.197717860846
505	99.4184892468246
506	97.3840359551985
507	95.1176015172871
508	92.6530177751658
509	90.0463875591548
510	87.3566279979029
511	84.642656220059
512	81.9633893542718
513	79.3777445291902
514	76.9446388734629
515	74.7188644300095
516	72.7345600296034
517	71.0194142244117
518	69.6011134064719
519	68.5073439678215
520	67.7657923004981
521	67.4041447965391
522	67.4500878479822
523	67.930482524573
524	68.8664499981738
525	70.276673125113
526	72.1798258623299
527	74.5945821667642
528	77.5396159953552
529	81.0336013050425
530	85.1066292028506
531	89.8453960496862
532	95.3541084561733
533	101.735540137316
534	108.961730654234
535	116.77128605423
536	124.919761365388
537	133.423068432521
538	142.388133307271
539	151.548970060895
540	160.176004744776
541	167.539802088881
