age	SL_Marcilly_ML
0	0
1	-1.55536491128162
2	-2.79340428672288
3	-3.73366812632377
4	-4.39570643008431
5	-4.79906919800449
6	-4.96330643008431
7	-4.90796812632378
8	-4.65260428672288
9	-4.21676491128162
10	-3.62
11	-2.88681710646206
12	-2.06155399858797
13	-1.19350599788196
14	-0.331968425848234
15	0.473763396008988
16	1.17439414618549
17	1.72062850317706
18	2.06317114547948
19	2.15272675158853
20	1.94
21	1.40048333712985
22	0.60882028107477
23	-0.335557882148384
24	-1.33321986652275
25	-2.28473438603146
26	-3.09067015465765
27	-3.65159588638446
28	-3.86808029519504
29	-3.6406920950725
30	-2.87
31	-1.48936624205735
32	0.436672874288893
33	2.8107875264755
34	5.53564789193922
35	8.51392414811684
36	11.6482864724451
37	14.8414050423608
38	17.9959500353007
39	21.0145916287015
40	23.8
41	26.2839816310996
42	28.5148882217697
43	30.5702077762464
44	32.5274282987659
45	34.4640377935641
46	36.4575242648772
47	38.5853757169413
48	40.9250801539924
49	43.5541255802666
50	46.55
51	49.9610597176591
52	53.7191342386325
53	57.7269213685389
54	61.8871189129973
55	66.1024246776267
56	70.275536468046
57	74.309152089874
58	78.1059693487298
59	81.5686860502321
60	84.6
61	87.1716194982639
62	89.5312948237005
63	91.995786749598
64	94.8818560492448
65	98.5062634959289
66	103.185769862939
67	109.237135923563
68	116.977122451089
69	126.722490218805
70	138.79
71	153.322952289285
72	169.770806466566
73	187.409561633069
74	205.515216890024
75	223.363771338657
76	240.231224080199
77	255.393574215876
78	268.126820846916
79	277.706963074548
80	283.41
81	284.755931344595
82	282.240759310037
83	276.604486718126
84	268.587116390661
85	258.928651149441
86	248.369093816266
87	237.648447212935
88	227.506714161248
89	218.683897483003
90	211.92
91	207.747442332334
92	205.868316293285
93	205.777131494426
94	206.968397547332
95	208.936624063577
96	211.176320654736
97	213.181996932383
98	214.448162508093
99	214.469326993441
100	212.74
101	208.923779326067
102	203.360615516823
103	196.55954730417
104	189.029613420013
105	181.279852596252
106	173.819303564791
107	167.157005057532
108	161.801995806379
109	158.263314543234
110	157.05
111	158.496980363398
112	162.242741639424
113	167.751659288892
114	174.488108772618
115	181.916465551416
116	189.501105086101
117	196.706402837487
118	202.996734266389
119	207.836474833622
120	210.69
121	211.167869220342
122	209.465377925482
123	205.92400554026
124	200.885231489514
125	194.690535198083
126	187.681396090804
127	180.199293592518
128	172.585707128063
129	165.182116122278
130	158.33
131	152.305082755235
132	147.120066658647
133	142.721898550067
134	139.057525269326
135	136.073893656254
136	133.717950550681
137	131.936642792439
138	130.676917221358
139	129.885720677268
140	129.51
141	129.512899758719
142	129.92235543993
143	130.782500259472
144	132.137467433183
145	134.031390176903
146	136.508401706471
147	139.612635237726
148	143.388223986506
149	147.879301168651
150	153.13
151	159.128198209888
152	165.636751581631
153	172.362260412045
154	179.011324997941
155	185.290545636133
156	190.906522623434
157	195.565856256658
158	198.975146832619
159	200.840994648128
160	200.87
161	198.85153740173
162	194.906078233544
163	189.23686809235
164	182.047152575054
165	173.540177278566
166	163.919187799792
167	153.387429735641
168	142.14814868302
169	130.404590238837
170	118.36
171	106.216542183191
172	94.1720554841917
173	82.4232972185569
174	71.1670247018426
175	60.5999952496044
176	50.9189661773978
177	42.3206948007784
178	35.001938435302
179	29.1594543965239
180	24.99
181	22.6195238655048
182	21.890739829689
183	22.5755530334226
184	24.4458686175752
185	27.2735917230167
186	30.8306274906168
187	34.8888810612454
188	39.2202575757723
189	43.5966621750672
190	47.79
191	51.5984223547896
192	54.9250651970521
193	57.6993106477527
194	59.8505408278565
195	61.3081378583288
196	62.0014838601348
197	61.8599609542398
198	60.8129512616088
199	58.7898369032071
200	55.72
201	51.5955567153366
202	46.6595593821024
203	41.2177943755666
204	35.5760480709987
205	30.0401068436679
206	24.9157570688438
207	20.5087851217955
208	17.1249773777926
209	15.0701202121043
210	14.65
211	16.0604907838638
212	19.0578172745383
213	23.2882918499808
214	28.3982268881487
215	34.0339347669994
216	39.84172786449
217	45.4679185585781
218	50.5588192272209
219	54.7607422483758
220	57.72
221	59.1787601492083
222	59.2626115197446
223	58.1929982245102
224	56.1913643764065
225	53.4791540883347
226	50.2778114731961
227	46.808780643892
228	43.2935057133238
229	39.9534307943927
230	37.01
231	34.6466286193031
232	32.8946166464834
233	31.7472352519783
234	31.1977556062254
235	31.239448879662
236	31.8655862427257
237	33.0694388658539
238	34.844277919484
239	37.1833745740536
240	40.08
241	43.5011953735793
242	47.3090818943219
243	51.3395507675765
244	55.428493198692
245	59.4118003930173
246	63.1253635559012
247	66.4050738926925
248	69.0868226087402
249	71.0065009093931
250	72
251	71.9815098863795
252	71.178415776229
253	69.8964016777157
254	68.4411515990066
255	67.1183495482689
256	66.2336795336696
257	66.092825563376
258	67.0014716455551
259	69.2653017883741
260	73.19
261	78.9649550809026
262	86.314375000762
263	94.8461725215608
264	104.168260405282
265	113.888551413907
266	123.61495830942
267	132.955393853803
268	141.517770809039
269	148.910001937111
270	154.74
271	158.71444979001
272	160.935124220723
273	161.602568236041
274	160.917326779867
275	159.079944796102
276	156.290967228649
277	152.75093902141
278	148.660405118287
279	144.219910463183
280	139.63
281	135.075105759057
282	130.675208116346
283	126.534174534274
284	122.755872475251
285	119.444169401685
286	116.702932775984
287	114.636030060556
288	113.347328717811
289	112.940696210156
290	113.52
291	115.149277173761
292	117.733243313893
293	121.136783626861
294	125.224783319128
295	129.862127597159
296	134.913701667416
297	140.244390736365
298	145.71908001047
299	151.202654696193
300	156.56
301	161.648355545899
302	166.294378628081
303	170.317080958282
304	173.535474248236
305	175.768570209681
306	176.835380554351
307	176.554916993982
308	174.74619124031
309	171.228215005071
310	165.82
311	158.456270642642
312	149.534602173782
313	139.568282540013
314	129.070599687927
315	118.554841564118
316	108.53429611518
317	99.522251287706
318	92.031995028289
319	86.5768152835226
320	83.67
321	83.6525918835308
322	86.1766526767899
323	90.7219988816681
324	96.7684470000566
325	103.795813533846
326	111.283914984928
327	118.712567855194
328	125.561588646533
329	131.310793860839
330	135.44
331	137.579271823234
332	137.959667119058
333	136.962491933315
334	134.969052311847
335	132.360654300496
336	129.518603945106
337	126.824207291519
338	124.658770385577
339	123.403599273123
340	123.44
341	125.017760823533
342	127.860598846977
343	131.560713385072
344	135.710303752556
345	139.901569264169
346	143.726709234647
347	146.777922978731
348	148.647409811159
349	148.927369046669
350	147.21
351	143.260884882635
352	137.539137493033
353	130.677254526396
354	123.307732677927
355	116.06306864283
356	109.575759116305
357	104.478300793557
358	101.403190369789
359	100.982924540202
360	103.85
361	110.416409645927
362	120.212131180891
363	132.546638509343
364	146.729405535734
365	162.069906164513
366	177.877614300132
367	193.462003847039
368	208.132548709686
369	221.198722792523
370	231.97
371	239.941186533658
372	245.348417783403
373	248.613161436231
374	250.156885179137
375	250.401056699117
376	249.767143683168
377	248.676613818286
378	247.550934791467
379	246.811574289706
380	246.88
381	248.05200421944
382	250.120677685496
383	252.753435745734
384	255.617693747719
385	258.380867039018
386	260.710370967195
387	262.273620879816
388	262.738032124447
389	261.771020048653
390	259.04
391	254.320256588582
392	247.818551474613
393	239.849515580833
394	230.727779829985
395	220.767975144811
396	210.284732448051
397	199.592682662449
398	189.006456710745
399	178.840685515681
400	169.41
401	160.99433942623
402	153.734876416052
403	147.738091930932
404	143.110466932339
405	139.958482381739
406	138.3886192406
407	138.507358470389
408	140.421181032574
409	144.236567888622
410	150.06
411	157.914825706496
412	167.491862861179
413	178.398796695437
414	190.243312440659
415	202.633095328233
416	215.175830589549
417	227.479203455995
418	239.15089915896
419	249.798602929832
420	259.03
421	266.527447747785
422	272.271992139232
423	276.31935128732
424	278.725243305026
425	279.545386305328
426	278.835498401204
427	276.651297705631
428	273.048502331588
429	268.082830392051
430	261.81
431	254.321653302365
432	245.853128581893
433	236.675688155283
434	227.060594339237
435	217.279109450455
436	207.602495805636
437	198.302015721481
438	189.64893151469
439	181.914505501963
440	175.37
441	170.232929042756
442	166.505813533197
443	164.137426091546
444	163.076539338024
445	163.271925892853
446	164.672358376253
447	167.226609408446
448	170.883451609654
449	175.591657600098
450	181.3
451	187.924520526613
452	195.250337285319
453	203.029837478532
454	211.015408308666
455	218.959436978135
456	226.614310689353
457	233.732416644735
458	240.066142046694
459	245.367874097644
460	249.39
461	251.961468850793
462	253.217477325528
463	253.369783994327
464	252.630147427313
465	251.210326194608
466	249.322078866334
467	247.177164012614
468	244.98734020357
469	242.964366009324
470	241.32
471	240.215934070215
472	239.613593412569
473	239.424336544159
474	239.559521982082
475	239.930508243434
476	240.448653845311
477	241.02531730481
478	241.571857139026
479	241.999631865058
480	242.22
481	242.165684868349
482	241.854869024197
483	241.327099829036
484	240.621924644359
485	239.778890831657
486	238.837545752422
487	237.837436768148
488	236.818111240324
489	235.819116530444
490	234.88
491	234.048756456391
492	233.407170490644
493	233.045474139697
494	233.053899440483
495	233.522678429939
496	234.542043144999
497	236.2022256226
498	238.593457899677
499	241.805972013165
500	245.93
501	251.002819306089
502	256.849889013226
503	263.243713612178
504	269.95679759371
505	276.761645448589
506	283.430761667581
507	289.736650741452
508	295.451817160968
509	300.348765416895
510	304.2
511	306.788616319254
512	307.940073456452
513	307.490421411593
514	305.275710184677
515	301.131989775706
516	294.895310184677
517	286.401721411593
518	275.487273456452
519	261.988016319254
520	245.74
