age	GMST_Valdes_Foster
13	17.7143077838687
14	17.7593721678228
15	17.8365165818555
16	17.9447500434158
17	18.0830815699529
18	18.2505201789158
19	18.4460749282333
20	18.6693663555868
21	18.9221708854245
22	19.2067398255508
23	19.5245573440109
24	19.864468403933
25	20.2049583293158
26	20.52724133615
27	20.8255532093752
28	21.0976219124527
29	21.3415628708553
30	21.5639762404214
31	21.7797168142455
32	22.0038030177222
33	22.2439652320334
34	22.4982419261058
35	22.7640007571724
36	23.0382419131341
37	23.2998431872911
38	23.5020146156198
39	23.6195081119607
40	23.6643608295895
41	23.6519089941261
42	23.5974888311901
43	23.5164365664014
44	23.4240884253799
45	23.3357806337453
46	23.2668494171174
47	23.232631001116
48	23.2475839037666
49	23.2999460855941
50	23.3478678661228
51	23.3478438491596
52	23.2563686385111
53	23.029936837984
54	22.6310886736085
55	22.0649560345655
56	21.3720753967461
57	20.7304165566142
58	20.2192266275143
59	19.5521349482636
60	18.3882647775077
61	16.6979223171853
62	14.9649357981693
63	13.7201230373448
64	13.4943018515971
65	14.8182900578113
66	17.7455956357477
67	16.3650082084148
68	15.4215395500167
69	15.7293527056707
70	16.8390869506636
71	18.3013815602821
72	19.6636026905178
73	20.4889961116657
74	21.1751182587831
75	22.0385422608593
76	22.7309362595693
77	23.2097463695126
78	23.4743853027329
79	23.5242657712737
80	23.358800487179
81	22.9893385480206
82	22.6602346095844
83	22.554331292916
84	22.6124403024169
85	22.7675655807625
86	22.9527110706283
87	23.1008807146899
88	23.1450784556226
89	23.0183082361021
90	22.6535739988038
91	21.9911299932169
92	21.3114773260252
93	21.1562871473429
94	21.4747361586682
95	22.1035781061507
96	22.8795667359402
97	23.6396601261338
98	24.2637921505238
99	24.7332494981586
100	25.0902567644499
101	25.3987078146951
102	25.6819407728833
103	25.9311073787741
104	26.1364825399552
105	26.2883568188485
106	26.3787795086946
107	26.4031450606557
108	26.3572225955245
109	26.2367812340939
110	26.0375900971566
111	25.7554183055053
112	25.3922560929608
113	25.0026826872179
114	24.6676328534752
115	24.4393038530434
116	24.2974433394639
117	24.2106443695213
118	24.1475
119	24.0816191374784
120	24.0066740877094
121	23.9213530062398
122	23.8243440486161
123	23.7143353703851
124	23.590031945859
125	23.4539733220544
126	23.317390516737
127	23.1927119362098
128	23.0923659867761
129	23.0287810747392
130	23.0143756078447
131	23.0548783674576
132	23.137738749198
133	23.2473124476651
134	23.3679551574578
135	23.4840225731752
136	23.5798703894165
137	23.6398543007805
138	23.6483300018665
139	23.5896531872735
140	23.4483927636162
141	23.2245518455041
142	22.9437134004495
143	22.6338665413001
144	22.3230003809037
145	22.0388033079726
146	21.7971426065105
147	21.5984536286038
148	21.4421327140282
149	21.3275762025592
150	21.2541804339722
151	21.2207939383184
152	21.2235802815218
153	21.257881749101
154	21.3190404182499
155	21.4023983661625
156	21.5032976700326
157	21.6170804070541
158	21.7390886544209
159	21.8646644893269
160	21.9891499889661
161	22.1081498247935
162	22.2192035769372
163	22.3207157824165
164	22.4110950097207
165	22.488749827339
166	22.5520888037607
167	22.5995205074753
168	22.6294535069718
169	22.6402963707397
170	22.6305848789945
171	22.6011134840742
172	22.5546170752939
173	22.4938936461678
174	22.4217411902097
175	22.3409577009337
176	22.2543411718539
177	22.1646895964842
178	22.0748009683386
179	21.9874732809312
180	21.9056823371352
181	21.8340166947129
182	21.7779237604829
183	21.7428589336629
184	21.7342776134702
185	21.7576351991223
186	21.8183870898368
187	21.9220279172142
188	22.0743370885151
189	22.2812196506075
190	22.5485812014254
191	22.8819747396117
192	23.2650659210689
193	23.6471676544091
194	23.9788791325486
195	24.235975941851
196	24.4033851458661
197	24.4660468308809
198	24.4089010831822
199	24.2211592126619
200	23.9403047587908
201	23.6343212984666
202	23.3716726051583
203	23.2208224523349
204	23.2502346134656
205	23.5283728620193
206	24.1045252119
207	24.8567729956736
208	25.5731849145774
209	26.0410284484061
210	26.0475710769541
211	25.380080280016
212	23.8258235373863
213	21.5114277286216
214	20.2878950887332
215	20.1884377281772
216	20.8582792315185
217	21.942643183322
218	23.0867531681526
219	23.947446586558
220	24.4164750122393
221	24.6038946178334
222	24.6280478766131
223	24.607277261851
224	24.6515402658697
225	24.7686911522712
226	24.8984449239547
227	24.9798041791143
228	24.9767817518719
229	24.8886994743958
230	24.7175455740257
231	24.4653082781014
232	24.1339758139628
233	23.7255364469378
234	23.2562560896728
235	22.7971543569618
236	22.4284628582924
237	22.090635392114
238	21.551542095504
239	20.8382139647932
240	20.3447632124082
241	19.779763065651
242	18.9091320429729
243	18.0875036916228
244	17.7452947076507
245	18.2786594049876
246	19.3063127866096
247	20.074402692975
248	20.5525300527086
249	20.793283071785
250	20.8492499561787
251	20.7730189118645
252	20.6171781448167
253	20.4343158610101
254	20.2732485249917
255	20.117560216715
256	19.8957020643419
257	19.5343912735766
258	18.9743763460985
259	18.2778171077867
260	17.5790574344626
261	17.0494633300007
262	16.7657649385946
263	16.622259716801
264	16.4946750195224
265	16.2587382016612
266	15.8041206172327
267	15.2357940604144
268	14.8279410636475
269	14.8593022154388
270	15.608618104295
271	17.0342614894084
272	17.6580323056823
273	17.8084091543366
274	18.0515729307505
275	18.3907861390715
276	18.7413630742879
277	19.0220533011992
278	19.2046205660943
279	19.3024797256945
280	19.3301667546367
281	19.3022176275574
282	19.2331683190936
283	19.1375548038818
284	19.0299130565589
285	18.9243528024541
286	18.8269196312383
287	18.7364572516967
288	18.6515562658761
289	18.5708072758237
290	18.4928008835862
291	18.4161276912106
292	18.3393776827429
293	18.2600890413627
294	18.1725942605522
295	18.0706172919535
296	17.9478820872085
297	17.7981125979593
298	17.6173678829698
299	17.4146389169904
300	17.2033682571678
301	16.997002570299
302	16.8089885231811
303	16.652767167597
304	16.5367476948047
305	16.4550502921184
306	16.3992759858219
307	16.3610258021993
308	16.3319007675345
309	16.3035019081115
310	16.2674302502143
311	16.2152868201268
312	16.1393017987893
313	16.0441605922959
314	15.9459775130275
315	15.8612902882885
316	15.8066366453834
317	15.7985543116164
318	15.8478228435239
319	15.9394464693854
320	16.0512201965827
321	16.1609386927802
322	16.246396625642
323	16.2853886628323
324	16.2557094720155
325	16.1351537208556
326	15.9015160770169
327	15.5338003715244
328	15.0504484429084
329	14.5171404051375
330	14.0023415350114
331	13.57451710933
332	13.302132404893
333	13.2536526985002
334	13.4975432669513
335	14.1022693870463
336	14.9769776900254
337	14.8966221201706
338	13.9815315177631
339	13.5391241529287
340	14.0234052034913
341	15.0532118370748
342	16.2174425710788
343	17.1651550918845
344	17.7512606675931
345	18.0402720269653
346	18.1377361962375
347	18.1471438517175
348	18.1249187694896
349	18.0805613852355
350	18.021543189477
351	17.955335672736
352	17.8894103255341
353	17.8312386383931
354	17.7882921018349
355	17.7680422063812
356	17.7779604425538
357	17.8236867570162
358	17.902833880841
359	18.0108160291845
360	18.1430473604946
361	18.2949420332191
362	18.4619142058059
363	18.6388996619758
364	18.8182779890038
365	18.9915784702758
366	19.1503298159098
367	19.2860607360238
368	19.3903776613375
369	19.4625480345366
370	19.5158621157932
371	19.5651079283256
372	19.6250734953521
373	19.710546840091
374	19.8363159857606
375	20.0168400290102
376	20.2477016069463
377	20.4957084370773
378	20.7254512201511
379	20.9163660915351
380	21.0725968362109
381	21.2006241699121
382	21.306928808372
383	21.3979903306175
384	21.4790570324454
385	21.5518003127502
386	21.6172456926278
387	21.6764186931737
388	21.7303448354839
389	21.7800496406539
390	21.8265586297795
391	21.8708973239565
392	21.9140912442805
393	21.9570998998306
394	21.99979520198
395	22.0411576199489
396	22.0801413291507
397	22.1157005049988
398	22.1467893229064
399	22.1723619582869
400	22.1913725865536
401	22.2027753831199
402	22.2055245475406
403	22.1988864381372
404	22.1832203270954
405	22.1591245349477
406	22.1271973822262
407	22.0880371894631
408	22.0422422771907
409	21.9904109659412
410	21.9331415762469
411	21.8710324286401
412	21.8046556915655
413	21.7340169115911
414	21.6585737373487
415	21.5777614114963
416	21.4910151766918
417	21.3977702755934
418	21.2975003808812
419	21.1908272201907
420	21.0796898945369
421	20.9660999996749
422	20.8520691313596
423	20.7396088853462
424	20.6307102384537
425	20.5264688218728
426	20.4267598151725
427	20.3313707956569
428	20.2400893406299
429	20.1527030273956
430	20.0689994332579
431	19.9887661355209
432	19.9117907114885
433	19.8378607384648
434	19.7669332449257
435	19.7000341049978
436	19.6386048208779
437	19.5840878234398
438	19.5379255435572
439	19.501560412104
440	19.4764348599538
441	19.4639913179804
442	19.4656722170576
443	19.48290352845
444	19.5160093709802
445	19.56353682624
446	19.6238717325557
447	19.6953999282531
448	19.7765072516583
449	19.8655795410973
450	19.9610026348962
451	20.0611354226747
452	20.1637712818843
453	20.26616669828
454	20.3655569378456
455	20.4591772665645
456	20.5442629504205
457	20.6180492553971
458	20.6777714474782
459	20.7210619369982
460	20.7493616291323
461	20.7662322608785
462	20.7752584745864
463	20.7800249126059
464	20.7841162172867
465	20.7911170309785
466	20.804611996031
467	20.828185754794
468	20.8654146083227
469	20.9178505835263
470	20.982396622574
471	21.0553055285491
472	21.1328301045346
473	21.2112231536135
474	21.286737478869
475	21.3556258833841
476	21.4141411702419
477	21.4585361425254
478	21.4853495158539
479	21.4945494909059
480	21.4883681121271
481	21.4690775266018
482	21.4389498814145
483	21.4002573236499
484	21.3552720003923
485	21.3062660587262
486	21.2555116457361
487	21.2052804744261
488	21.1575392161648
489	21.1134153501256
490	21.073893296405
491	21.0399574750996
492	21.012592306306
493	20.9927822101207
494	20.9815116066403
495	20.9797649159613
496	20.9885265581804
497	21.0086716506995
498	21.0394059753451
499	21.0786327239962
500	21.1242205528612
501	21.1740381181488
502	21.2259540760674
503	21.2778370828255
504	21.3275557946316
505	21.3729788676942
506	21.4119750404852
507	21.4428038171149
508	21.4650186838029
509	21.4784406085497
510	21.4828905593562
511	21.478189504223
512	21.4641584111508
513	21.4406182481404
514	21.4073899831924
515	21.3642945843075
516	21.311215778166
517	21.2492870798466
518	21.1807928237995
519	21.1080602671071
520	21.0334166668514
521	20.9591892801146
522	20.8877053639789
523	20.8212921755265
524	20.7622769718395
525	20.71298701
526	20.6752376485233
527	20.6487966516564
528	20.6329198850796
529	20.6268632144728
530	20.6298825055163
531	20.6412336238902
532	20.6601724352745
533	20.6859548053494
534	20.717836599795
535	20.7550846181152
536	20.7972588118309
537	20.8442374951874
538	20.8959149691555
539	20.9521855347059
540	21.0129434928096
541	21.0780831444372
