p_lat	p_lng
41.5887	10.0704
41.732	9.8435
41.5494	10.1146
41.6151	10.3869
41.6712	9.6024
41.837	8.7833
41.6283	10.3958
41.8402	9.5953
41.8082	9.5961
41.6567	10.2506
41.7835	9.8134
41.5441	8.9527
42.4451	8.8594
41.754	10.1464
41.7375	9.6849
41.6358	10.3702
41.9591	9.6798
41.9438	9.7566
41.965	9.6761
42.0238	8.3219
42.0109	9.2857
41.5528	7.7748
41.8703	9.9638
41.9595	9.6967
41.8897	9.9342
41.8609	9.9015
41.9421	9.1459
42.1039	8.3219
41.9671	9.6786
41.9369	9.8069
41.9307	9.797
42.1723	9.5902
41.8118	8.4946
42.0087	9.2282
32.9574	8.5953
44.7241	24.9104
41.9362	9.7691
41.9575	9.6887
43.1521	15.1097
42.0165	8.3346
42.0034	9.2982
41.5455	7.7874
41.8628	9.9763
41.9485	9.6407
41.9293	9.8194
41.9231	9.8095
41.8044	8.5072
42.0012	9.2407
42.5735	16.8642
43.9602	16.0586
43.5329	15.3537
44.0152	15.4989
44.3371	16.2301
43.8576	16.0492
43.7893	16.4905
43.7893	16.4905
43.7972	15.3062
43.7083	15.9928
44.1193	15.6176
43.7651	15.259
44.0031	15.9056
43.7106	15.4714
43.5409	15.7041
43.5102	15.5182
43.9436	17.143
44.0527	15.4841
46.5835	21.4592
42.0992	9.4325
42.0042	9.6569
42.0253	9.5763
43.9896	17.2053
44.0011	17.4492
42.6493	16.7587
43.9794	15.4617
43.7331	15.1962
44.0351	15.9493
44.0447	15.8449
44.0896	15.3889
43.7519	15.4107
43.5823	15.6438
43.8647	16.3821
43.8971	15.336
43.5515	15.4578
42.0778	8.2291
41.6062	7.6823
41.9259	9.8727
41.9452	9.843
42.0112	9.5366
41.9923	9.7155
41.986	9.7056
42.0636	9.1361
42.0067	9.6527
42.0278	9.5721
42.0851	8.2164
41.6135	7.6697
41.9334	9.8602
41.9528	9.8306
42.0188	9.5241
42.0299	9.5746
41.9998	9.703
42.235	9.4857
42.235	9.4857
41.8733	8.3897
37.5792	14.4932
42.071	9.1236
43.7251	17.8351
43.7331	15.1962
43.8713	15.1964
41.9902	9.6345
42.0484	8.2797
41.8956	9.9223
41.967	9.104
42.1284	8.2796
41.9621	9.7653
42.1974	9.5483
42.0337	9.1863
43.6919	15.257
43.7651	15.259
44.0483	15.4499
32.586	9.4798
32.3594	9.7391
41.7545	8.7869
41.5861	10.0746
41.7295	9.8478
41.5468	10.1189
34.3981	7.2496
34.2032	7.4255
41.6257	10.4
41.7514	10.1506
41.735	9.6891
41.6333	10.3744
41.5861	10.0746
41.7295	9.8478
41.5468	10.1189
41.8345	8.7876
41.7514	10.1506
41.735	9.6891
41.6333	10.3744
41.9625	9.6803
42.0214	8.3261
41.8678	9.968
41.8872	9.9384
42.1014	8.3262
41.9646	9.6828
41.9344	9.8111
42.0062	9.2324
44.0996	17.1203
44.1118	17.3645
37.6739	14.4449
40.3446	12.3793
44.4082	24.032
41.7197	8.8472
41.5505	10.1341
41.6728	9.8289
41.8012	9.9239
41.6939	9.9075
41.5112	10.1782
41.83	10.1656
41.8625	7.4301
41.6788	9.7647
41.7997	8.848
41.5899	10.4593
41.7455	9.8774
41.7518	9.9
42.4077	8.9248
41.8206	10.1406
41.8408	10.1535
41.7157	10.2102
41.6996	9.7489
41.5974	10.4337
41.8581	10.1981
41.8017	8.7052
41.5952	10.0385
41.8817	8.7059
41.6743	10.3197
41.7998	10.07
41.783	9.6082
41.6818	10.2942
41.4048	10.7496
41.2519	11.0776
41.2042	11.1451
41.2506	10.9954
41.4037	10.6925
41.4735	10.6042
41.9236	9.79
41.9449	9.7095
42.0042	8.3558
41.5334	7.8085
41.8501	9.9971
41.9221	9.1794
42.0842	8.3558
41.9167	9.8402
41.5672	7.4498
41.7921	8.5282
41.9888	9.2617
41.5475	7.6114
43.9557	17.2531
43.9672	17.4968
43.9463	15.5104
43.7002	15.2449
43.7734	15.2468
43.5522	15.3254
44.0565	15.4377
43.7189	15.4593
43.5492	15.692
43.8384	15.2451
34.2664	8.0231
29.9505	8.2078
44.1301	17.3516
40.6007	10.8078
32.6277	9.5396
32.586	9.4798
32.3594	9.7391
41.4986	11.6919
41.0512	10.8856
41.4435	10.8499
40.8417	12.1484
41.3403	10.9929
40.6011	10.3162
41.4976	11.6952
40.9921	11.9324
40.801	12.1898
41.1862	11.3196
41.2745	10.852
41.1312	10.8909
40.8708	12.4719
41.1383	11.3868
41.0446	11.9056
41.4616	11.7372
41.1852	11.2375
41.0524	12.5048
41.5522	11.2869
40.6078	10.8031
41.3305	10.8278
41.0506	12.4223
41.4356	10.7737
41.0044	12.2328
41.4095	10.8481
41.3394	10.9359
40.8792	12.4471
41.5343	11.481
41.2367	12.4513
41.0751	11.625
41.0897	11.8199
42.089	9.5159
41.9952	9.8047
42.0602	9.6463
42.0798	9.468
42.0644	8.9848
42.1323	9.8832
42.1323	9.8832
42.0911	9.5184
42.0613	9.6471
42.055	9.6372
42.0875	9.5355
40.6906	10.926
41.1623	13.3201
40.8711	12.289
40.6394	11.0184
32.586	9.4798
32.3594	9.7391
32.731	9.3683
40.5926	10.7541
40.8095	12.0401
41.0132	11.7412
40.5926	10.7541
40.5926	10.7541
40.9955	11.7215
32.397	9.7196
41.9815	9.6942
42.0027	9.6137
42.0606	8.2586
41.5893	7.7117
41.9082	9.9016
41.9794	9.0831
41.9747	9.7445
42.0461	9.1654
42.0709	9.594
42.0919	9.5133
41.6735	7.6107
41.9981	9.8021
42.0632	9.6436
42.0174	9.7723
42.0672	8.9821
42.2263	8.1556
42.094	9.5157
42.0642	9.6444
42.0579	9.6345
42.0904	9.5329
42.1341	9.0641
32.3594	9.7391
32.586	9.4798
32.2457	10.2023
32.2457	10.2023
32.2457	10.2023
32.8159	10.1458
30.1151	10.9891
30.1151	10.9891
41.9172	9.7555
41.9771	8.4024
41.5066	7.8549
41.8223	10.0428
41.9082	9.7076
41.8947	9.2256
42.0572	8.4025
41.8889	9.8861
42.1245	9.6699
41.7649	8.5746
41.7649	8.5746
41.9613	9.3079
43.9472	17.265
43.8489	16.532
43.6919	15.257
43.7651	15.259
44.0031	15.9056
44.0483	15.4499
43.7106	15.4714
43.8229	16.4423
43.8302	15.2573
41.6603	10.0119
41.5589	10.1576
41.4088	10.4888
41.4913	10.0177
41.1515	8.2939
41.4068	10.4064
41.5471	9.9922
42.0664	8.7824
41.5572	10.1005
41.6263	10.0109
41.5572	10.1005
34.4322	14.3565
44.6984	24.9236
44.0996	17.1203
44.1118	17.3645
37.0404	34.4149
38.4033	15.2992
42.2879	9.3015
43.0299	8.455
42.1939	9.5272
42.2147	9.4462
43.0152	8.4269
42.2659	8.0861
38.4812	15.4531
42.2003	9.5422
41.7917	7.5418
42.1216	9.736
38.6069	15.6636
42.1863	9.577
42.1408	9.7061
42.1888	8.9141
34.8771	6.8926
34.8819	6.8723
34.9534	7.0742
35.3249	6.9889
34.8469	6.8068
42.3459	8.0854
42.189	9.5666
42.1873	9.5778
41.805	7.3114
42.189	9.5666
42.181	9.5679
43.0924	8.4335
41.8234	7.1813
40.5467	12.2466
40.3973	12.1542
40.3973	12.1542
40.5858	12.049
40.6489	12.1346
40.5935	12.1835
40.409	12.2577
40.5896	12.1571
40.4549	12.3384
40.4549	12.3384
41.8544	7.0287
41.8365	7.1885
41.8365	7.1885
41.8488	7.1021
42.7582	7.6411
38.6238	15.6833
38.6238	15.6833
42.2559	8.996
37.7876	14.4144
37.7876	14.4144
43.5516	17.4129
43.5516	17.4129
43.5516	17.4129
43.5516	17.4129
43.5516	17.4129
43.5516	17.4129
43.5516	17.4129
43.5516	17.4129
43.5516	17.4129
43.5516	17.4129
43.5516	17.4129
43.5516	17.4129
43.5516	17.4129
43.5516	17.4129
43.5516	17.4129
40.6218	10.9513
40.78	12.3366
40.9583	11.8358
41.9175	11.4039
40.8622	12.2165
40.6218	10.9513
40.6218	10.9513
41.0217	11.9214
41.7645	8.7697
41.5963	10.0577
41.7396	9.8308
41.557	10.1019
41.8445	8.7704
41.6359	10.3831
41.7616	10.1337
41.7451	9.6721
41.6435	10.3575
37.9871	39.9132
37.9871	39.9132
37.9871	39.9132
37.9871	39.9132
37.9871	39.9132
37.9871	39.9132
37.9871	39.9132
37.9871	39.9132
37.9871	39.9132
37.9871	39.9132
37.9871	39.9132
41.5861	10.0746
41.7295	9.8478
41.5468	10.1189
41.6257	10.4
41.7514	10.1506
41.735	9.6891
41.6333	10.3744
43.7655	15.0832
36.9125	34.4091
42.1886	9.3477
42.0942	9.5728
42.1152	9.492
42.1685	8.1342
43.3272	14.9268
41.6952	7.5893
42.0216	9.781
42.0865	9.6224
42.0409	9.7512
42.0901	8.9607
34.7588	6.9288
34.7571	6.9225
34.8352	7.1101
34.7415	7.0176
34.7708	7.0091
34.7286	6.8432
37.6807	14.4415
37.6807	14.4415
42.2485	8.1336
42.0875	9.6232
41.7088	7.3593
42.0813	9.6133
33.7749	7.4879
42.3395	9.3882
41.9739	8.2927
41.769	7.1343
42.1993	7.5014
42.1663	7.4559
37.7009	14.4312
42.1742	9.0266
37.7009	14.4312
41.7246	7.3756
44.0996	17.1203
44.1118	17.3645
44.3594	24.7025
40.6577	10.906
40.6007	10.8078
41.1386	13.1006
41.0027	11.776
41.6334	10.3873
41.7591	10.1379
41.7426	9.6763
41.6409	10.3617
41.3863	11.062
41.1273	11.5297
41.0791	11.5965
41.1266	11.4476
41.2818	11.1473
42.0716	9.4784
41.9977	9.622
42.0557	8.267
41.9032	9.9099
41.9922	9.6426
37.5466	14.537
42.1358	8.267
41.9696	9.7528
42.2049	9.5358
42.6072	16.8172
43.9381	15.5226
44.1193	15.6176
43.7651	15.259
44.0031	15.9056
44.0031	15.9056
43.7106	15.4714
43.5409	15.7041
43.8302	15.2573
32.586	9.4798
32.3594	9.7391
32.2457	10.2023
36.4414	34.6968
36.4272	9.7998
41.7857	9.974
33.0136	8.524
41.8488	8.6238
41.6826	9.914
41.3795	8.0755
41.6901	10.2603
41.8256	9.6864
41.6434	9.9584
41.7096	10.2309
41.7644	9.4451
41.9288	8.6244
41.7227	10.2397
41.7572	10.1042
41.751	10.0943
41.4144	7.7178
41.9932	9.8895
41.9932	9.8895
41.877	9.6561
41.6362	8.7948
41.9052	10.2621
41.9006	10.1787
41.848	9.9896
41.8308	9.5275
41.7302	10.2141
42.596	16.8329
43.927	15.5389
43.6809	15.2733
43.7655	15.0832
43.7541	15.2753
43.5329	15.3537
43.6996	15.4876
43.5298	15.7202
43.8117	16.4583
43.8192	15.2736
43.1631	15.0936
41.7396	8.8127
41.5708	10.1001
41.5316	10.1443
41.7361	10.1762
41.6179	10.3998
42.1133	9.4176
42.0336	9.565
42.0184	9.642
42.0395	9.5614
42.0963	8.2054
42.0206	9.6529
41.6244	7.659
41.9452	9.8496
42.0105	9.6915
42.034	9.582
41.9645	9.8199
42.0157	9.0306
42.0822	9.9285
42.1763	8.2052
42.0416	9.5638
42.0115	9.6923
42.0053	9.6824
42.038	9.5809
42.2466	9.4748
41.8918	9.5769
41.8845	8.3788
42.0825	9.1127
43.9382	15.138
42.7187	16.7059
43.7999	15.1383
43.4964	15.8096
43.8191	15.353
43.9335	16.3252
43.616	15.2877
44.0996	17.1203
44.1118	17.3645
44.4865	24.0104
41.2808	11.3924
41.4604	10.7856
41.3574	10.9288
41.498	11.5215
41.2036	11.2559
41.1557	11.3231
41.2025	11.1737
41.4175	10.6809
41.3474	10.7638
41.5399	10.389
41.3564	10.8718
41.4264	10.7839
42.0128	9.597
41.9183	9.8851
42.0037	9.5491
42.0148	9.5995
42.0561	9.1487
42.6493	16.7587
43.7331	15.1962
43.6764	15.1821
43.7519	15.4107
43.5823	15.6438
43.8647	16.3821
43.8713	15.1964
41.8116	8.6881
41.6446	9.9773
41.7664	9.6713
41.7877	9.75
41.8818	9.9301
41.9242	10.0081
41.952	7.2685
41.8916	8.6887
41.6845	10.3029
41.8392	9.7197
41.81	10.0531
41.793	9.5912
41.692	10.2773
41.8686	8.5896
41.7029	9.8803
41.6637	9.9248
41.7845	9.4112
41.9486	8.5901
41.7431	10.2061
41.6561	8.7608
41.8683	9.9559
41.8509	9.4936
41.7506	10.1805
37.7009	14.4312
32.586	9.4798
32.8159	10.1458
41.9501	8.4491
42.6156	16.8055
42.6156	16.8055
43.7436	15.1158
43.7734	15.2468
43.5329	15.3537
43.7189	15.4593
43.5492	15.692
43.5492	15.692
43.8384	15.2451
43.8384	15.2451
37.5385	14.548
37.5385	14.548
37.5385	14.548
43.955	23.3938
42.0866	9.4534
41.9916	9.6776
42.0704	8.2417
42.0583	9.2062
41.599	7.6949
41.9376	9.8554
42.1505	8.2416
42.0148	9.5995
41.9847	9.7279
42.22	9.5107
41.8585	8.4148
42.0561	9.1487
43.7331	15.1962
44.0447	15.8449
43.6606	17.285
44.0011	17.4492
43.9359	17.281
43.7655	15.0832
43.7436	15.1158
43.6023	15.2915
43.7321	15.3078
43.5329	15.3537
43.6775	15.5201
43.5077	15.7525
43.8075	15.3644
43.7972	15.3062
42.0435	8.2881
41.962	9.1124
41.957	9.7736
41.8315	8.461
42.0287	9.1947
41.8438	8.6324
41.6775	9.9225
41.6383	9.9668
41.9239	8.6329
41.7176	10.2482
41.6312	8.8033
41.843	9.9981
41.8258	9.536
41.7251	10.2225
42.203	9.3343
42.1088	9.5596
42.1297	9.4787
42.3699	9.0458
42.1823	8.1206
42.1152	9.5746
41.7088	7.576
42.0363	9.7679
42.1011	9.6092
42.0555	9.7381
42.1205	9.4307
42.1043	8.9473
42.2623	8.1199
42.1038	9.5989
42.1021	9.61
42.0959	9.6001
42.1282	9.4983
42.1714	9.0292
41.5861	10.0746
41.7295	9.8478
41.5468	10.1189
41.7142	9.7049
41.8345	8.7876
41.6257	10.4
41.781	9.8177
41.7514	10.1506
41.735	9.6891
41.6333	10.3744
41.9968	9.6173
41.9815	9.6942
42.0027	9.6137
42.0606	8.2586
41.5893	7.7117
41.9082	9.9016
41.9972	9.6342
41.9276	9.872
41.9794	9.0831
42.1407	8.2585
41.9747	9.7445
41.9684	9.7346
42.2099	9.5274
41.8487	8.4316
42.0461	9.1654
44.1118	17.3645
43.3203	14.932
41.7486	8.2107
42.0861	9.5186
42.1407	8.1615
41.668	7.616
41.9923	9.8073
42.0573	9.6489
42.0769	9.4706
42.0615	8.9875
42.2207	8.1611
42.0882	9.5211
42.0583	9.6497
41.6819	7.3861
42.0521	9.6398
42.0846	9.5382
42.2931	9.4313
41.7137	7.2636
41.7262	7.1774
42.123	7.5
42.1284	9.0695
44.6997	23.9109
44.8553	23.8266
42.2552	9.3121
42.9975	8.4665
42.1612	9.5377
42.2336	8.0974
41.7597	7.553
42.0888	9.7463
42.1535	9.5874
42.108	9.7164
42.1727	9.4087
42.3137	8.0966
42.1841	9.4592
42.1546	9.5882
42.1483	9.5783
42.3888	9.3685
41.8046	7.1999
42.0759	9.5648
42.7134	7.6618
42.2234	9.0068
43.5516	17.4129
43.5516	17.4129
32.6277	9.5396
32.586	9.4798
32.3594	9.7391
41.9625	9.6803
42.0214	8.3261
41.5504	7.779
41.8678	9.968
41.8872	9.9384
41.9396	9.1501
42.1014	8.3262
41.9344	9.8111
41.9281	9.8011
42.1698	9.5944
41.5972	7.4275
42.0062	9.2324
40.7177	10.7414
41.0082	11.6661
41.2598	13.0366
40.7177	10.7414
33.3489	8.1301
41.5108	10.5929
41.4082	10.7368
41.5776	10.8574
41.2553	11.0649
41.3418	10.5962
41.518	9.7851
41.2076	11.1324
41.223	9.9469
41.254	10.9826
41.3978	10.5716
41.407	10.6797
41.4768	10.5914
29.9505	8.2078
41.8067	8.6967
41.6395	9.9858
41.7826	9.7585
41.6003	10.0301
41.8867	8.6973
41.6794	10.3113
41.8619	10.3339
41.8049	10.0616
41.788	9.5997
41.6869	10.2857
42.551	16.8955
43.7464	16.7865
43.7101	15.3404
43.9476	15.9868
43.9931	15.5316
43.3314	16.0061
43.6555	15.5525
43.3409	15.4761
43.4856	15.7848
40.6323	11.0232
41.1757	12.7516
41.1502	11.7967
41.1705	12.7614
41.2153	11.9358
41.017	11.7993
40.9179	11.9492
40.8711	12.289
40.6807	11.2209
40.6323	11.0232
41.031	11.9941
42.0977	9.5079
42.1518	8.1506
42.004	9.7968
42.069	9.6383
42.0885	9.46
42.2318	8.1501
42.0998	9.5104
42.07	9.6391
42.0638	9.6292
42.0962	9.5275
41.7245	7.2528
42.1399	9.0588
42.0791	9.4659
41.9993	9.6131
41.9841	9.6901
42.0053	9.6095
42.0631	8.2543
41.5917	7.7075
41.9107	9.8975
41.9762	9.7396
41.9301	9.8678
41.9962	9.5616
41.9819	9.0789
42.1431	8.2543
42.0073	9.612
41.9772	9.7404
41.971	9.7305
42.0037	9.6291
42.2124	9.5232
42.0486	9.1612
32.2457	10.2023
30.9307	10.0769
33.1512	8.3506
40.6218	10.9513
41.2192	11.953
41.1273	11.8391
40.8347	12.239
41.0393	11.9411
41.1522	11.0365
41.1545	13.2468
40.8622	12.2165
40.6705	11.1489
41.0217	11.9214
42.0774	9.5266
42.1324	8.1697
41.9835	9.8152
42.0485	9.6569
42.0682	9.4786
42.0529	8.9955
42.0794	9.5291
42.0496	9.6577
42.0433	9.6478
42.0758	9.5462
41.7057	7.2717
40.6218	10.9513
40.8347	12.239
41.0991	11.8523
41.1545	13.2468
40.8622	12.2165
40.6705	11.1489
40.629	10.9466
40.6218	10.9513
41.0217	11.9214
41.6024	10.2796
41.6698	8.9336
41.7517	9.7454
41.4994	10.2192
41.6507	9.8918
41.2023	8.384
41.5059	10.5645
41.4601	10.2632
41.5254	10.5353
41.5015	10.2242
41.5936	10.2318
41.5827	9.752
41.7498	8.9346
41.5385	10.5442
41.2184	8.156
41.4566	9.1028
41.4993	10.1416
41.6384	9.7263
41.6646	10.2955
41.6489	9.8346
41.7177	9.7445
41.6489	9.8346
41.5461	10.5187
43.9133	17.3129
43.905	15.5715
43.6589	15.3058
43.7321	15.3078
43.3376	15.3089
43.6775	15.5201
43.5077	15.7525
43.7972	15.3062
37.4977	14.603
37.4977	14.603
37.4977	14.603
37.0111	34.4116
42.2625	9.3097
43.0047	8.4639
42.1685	9.5353
42.1893	9.4544
42.9901	8.4358
33.4921	7.973
33.5062	8.0688
34.5899	14.1681
32.325	10.7009
37.761	14.4188
42.2408	8.0949
41.7668	7.5505
42.0961	9.744
41.8283	7.0734
38.58	15.6679
42.1608	9.585
42.1153	9.7141
42.18	9.4064
42.1635	8.9225
37.761	14.4188
42.3208	8.0941
42.1618	9.5858
42.1635	9.5747
42.1556	9.5759
43.0673	8.4425
40.5206	12.2529
40.3828	12.2639
40.4287	12.3446
42.0416	9.4709
41.824	7.111
42.7333	7.6502
38.5969	15.6876
47.5741	20.1093
42.2306	9.0044
42.6265	8.952
37.761	14.4188
37.761	14.4188
37.761	14.4188
43.9569	25.6229
43.5516	17.4129
43.5516	17.4129
43.5516	17.4129
43.5516	17.4129
43.5516	17.4129
43.5516	17.4129
43.5516	17.4129
43.5516	17.4129
43.5516	17.4129
32.586	9.4798
41.5744	10.2709
41.564	10.3876
41.4618	10.5321
41.3099	10.8613
41.5361	10.4021
41.5688	9.5791
41.3084	10.779
41.4509	10.3669
41.4605	10.4751
41.53	10.3863
42.0103	9.6012
42.068	8.2459
41.5965	7.6991
41.9158	9.8892
41.9812	9.7313
41.9351	9.8595
42.148	8.2458
42.0123	9.6037
41.9822	9.7321
41.976	9.7221
42.0087	9.6208
42.0536	9.1528
41.6104	7.5018
40.8665	12.2613
41.1861	13.2698
40.8939	12.2388
40.6609	10.9682
29.9951	11.3617
30.3502	9.3163
41.5334	7.8085
42.0842	8.3558
41.5734	10.0958
41.7168	9.8691
41.5341	10.14
41.7954	10.4441
41.7387	10.1719
41.6205	10.3956
41.7495	8.7955
41.7244	9.8563
41.8296	8.7963
41.5366	8.9655
42.4376	8.8725
41.7299	9.6977
42.0816	9.4617
42.0018	9.609
41.9866	9.6859
42.0078	9.6054
42.0655	8.2501
41.5941	7.7033
41.9133	9.8933
42.0022	9.6259
41.9326	9.8637
41.9987	9.5574
41.9844	9.0748
42.0098	9.6078
41.9797	9.7362
41.86	9.6206
37.5575	14.5224
42.0511	9.157
43.5823	15.6438
43.8713	15.1964
43.5515	15.4578
44.2552	25.7029
44.0498	25.7263
43.9909	25.7186
41.1325	13.0458
40.8369	12.0174
40.6418	10.9513
40.5997	10.7493
40.9955	11.7215
42.0066	8.3515
41.5358	7.8043
41.8526	9.9929
41.872	9.9633
41.9246	9.1752
42.0867	8.3516
41.9192	9.836
42.1547	9.6195
41.7945	8.524
41.9913	9.2575
42.5679	16.872
43.7266	15.316
43.672	15.5282
43.583	15.3302
43.5022	15.7605
43.7917	15.3144
43.4691	15.4619
42.0459	8.2839
41.9645	9.1082
42.0312	9.1905
NA	NA
NA	NA
35.9009	11.3461
