clade	species	ts	te
0.0	Cypridea_aaleyensis	128.6438770874409	116.99596512103119
0.0	Cypridea_aculeata	136.42716455535557	134.06964933858336
0.0	Cypridea_aemulans	142.8399972789728	138.19638795664955
0.0	Cypridea_alcaramae	136.18821315122148	135.758123101401
0.0	Cypridea_aleksandrowiensis	142.73962651510513	142.58451376533765
0.0	Cypridea_alta	141.38965463887638	139.78953418654186
0.0	Cypridea_altissima	142.34123874932752	141.27466966294662
0.0	Cypridea_amisia	142.485247897429	141.30705797373977
0.0	Cypridea_andersoni	141.8627349308193	140.4201490323703
0.0	Cypridea_aragonensis	129.8887486707467	124.0743693321033
0.0	Cypridea_arenosa	135.8755243789538	134.5408728593986
0.0	Cypridea_asseri	135.86981378738787	134.51868757190573
0.0	Cypridea_baidarensis	130.39590130363302	117.35809228229282
0.0	Cypridea_bimammata	141.6502428678687	139.2416966281663
0.0	Cypridea_binodosa	144.07976433518334	142.57824468804685
0.0	Cypridea_bispinosa	136.36896398644987	132.5046733895939
0.0	Cypridea_blackbushensis	137.70747078678787	134.63273077220774
0.0	Cypridea_boulmanensis	117.7523661798618	116.61601186238863
0.0	Cypridea_brendae	128.71269290228904	127.11056072170722
0.0	Cypridea_brevirostrata	142.05679977307773	138.67811683046833
0.0	Cypridea_bullata	118.89555253319533	117.86457317499173
0.0	Cypridea_buxtorfi	143.56673345350455	143.41104463411637
0.0	Cypridea_caudata	122.69883379114792	121.81255862445626
0.0	Cypridea_cidacosia	130.6563893627636	122.63003654797546
0.0	Cypridea_clavata	132.11691607766076	120.84357195589956
0.0	Cypridea_coelnothi	143.41263048374483	142.47821240575405
0.0	Cypridea_comptonensis	123.50291229430294	122.22534694064942
0.0	Cypridea_cornuta	130.93403862040617	122.99846576486767
0.0	Cypridea_cuckmerensis	123.11037597743979	120.8722491806818
0.0	Cypridea_cyrtorostralis	126.88164922387223	116.9930847777278
0.0	Cypridea_daoudensis	128.57082456683565	124.2755616873969
0.0	Cypridea_darvelensis	142.02396566342665	140.76519766695665
0.0	Cypridea_delicatula	143.41449971422713	142.60156172366723
0.0	Cypridea_demandae	130.00460047541478	120.73754160257603
0.0	Cypridea_demnatensis	152.5301023294933	151.91541886193863
0.0	Cypridea_dolabrata	141.62068943301432	137.69112357416574
0.0	Cypridea_dorsispinata	132.4578629095491	127.82881807144074
0.0	Cypridea_dorsoinclinata	139.52113936940367	139.21776191148908
0.0	Cypridea_dunkeri	147.1015943414834	142.19213716638168
0.0	Cypridea_fasciata	124.14519942233423	120.84390493296932
0.0	Cypridea_frithwaldi	136.43280361894617	134.40048378102782
0.0	Cypridea_funduklensis	142.38283476193763	139.53837559638598
0.0	Cypridea_giffordi	135.85574013449136	134.54601595468955
0.0	Cypridea_granulosa	145.03051624712248	140.47751055280554
0.0	Cypridea_hamata	123.3331356711267	120.78476884187842
0.0	Cypridea_helenae	136.14421393404933	134.54676695397953
0.0	Cypridea_heliopolisensis	130.47035893695937	117.09840008193082
0.0	Cypridea_hispida	126.74073918673187	125.66858003210034
0.0	Cypridea_inaequalis	142.12509598384983	140.44073281713816
0.0	Cypridea_isasae	129.7953509098891	121.63404835421352
0.0	Cypridea_laevigata	141.5416888109281	132.52617400863008
0.0	Cypridea_lasius	136.36328560838606	133.38581589739894
0.0	Cypridea_lata	144.44976221701216	140.6017495397754
0.0	Cypridea_libanensis	131.51366634141343	117.51704608391086
0.0	Cypridea_marina	128.74803094921953	125.80125561302611
0.0	Cypridea_martini	142.0717319320193	141.30534363284633
0.0	Cypridea_melvillei	139.29760181501814	133.19957314770147
0.0	Cypridea_menevensis	139.6426047689977	135.13094249348492
0.0	Cypridea_mirabilis	143.75759023885237	143.6018655433354
0.0	Cypridea_modesta	127.55502018735187	126.78576978812788
0.0	Cypridea_mohandi	157.10645230523306	150.33151016103162
0.0	Cypridea_montoriana	123.93449596254963	123.22652703122033
0.0	Cypridea_morula	139.30134895675957	138.91841613537133
0.0	Cypridea_obliqua	142.0779899499695	140.25571123229233
0.0	Cypridea_orientalis	124.17896746106463	118.92698934549345
0.0	Cypridea_parallela	141.2458775172452	140.165549301903
0.0	Cypridea_paulsgrovensis	139.3794008301783	134.58241363253634
0.0	Cypridea_peltoides	145.4844445913159	141.79722994843948
0.0	Cypridea_pendae	136.12356264460644	134.25833801514017
0.0	Cypridea_penshurstensis	142.86094234162343	139.70433408517087
0.0	Cypridea_posticalis	143.66371220875206	142.62759949108488
0.0	Cypridea_praealta	144.16574125434255	141.56407560765606
0.0	Cypridea_primaeva	146.93808589968899	141.95506286403864
0.0	Cypridea_procera	131.25399692546927	122.68302427359275
0.0	Cypridea_propunctata	141.7046202267523	139.28391040648404
0.0	Cypridea_pseudomarina	124.72754730572306	123.42608160504604
0.0	Cypridea_pulchra	142.23607888385885	142.06971329627297
0.0	Cypridea_pumila	130.11486049390496	125.87234261520614
0.0	Cypridea_quadrangulata	125.05073730339305	109.94502735803357
0.0	Cypridea_recta	140.30164150490506	132.77735351755516
0.0	Cypridea_rhahelensis	128.49593378439783	124.16134524075241
0.0	Cypridea_rotundata	124.54236806077058	120.88603009944102
0.0	Cypridea_sagena	143.79767421418214	142.40927733201332
0.0	Cypridea_sidonensis	124.1162414598646	118.53922665452654
0.0	Cypridea_simplissima	145.09563779677796	137.3789308663287
0.0	Cypridea_soriana	139.9427859598196	121.66879243661435
0.0	Cypridea_spinigera	124.16796152773527	120.96137621311215
0.0	Cypridea_swanagensis	142.92752161664615	142.57048511259111
0.0	Cypridea_tayasirensis	130.78110491490915	122.6639386082361
0.0	Cypridea_tenuis	124.17144684106842	120.9689276523665
0.0	Cypridea_tuberculata	141.84884774962748	124.64498637727377
0.0	Cypridea_tumescens	147.1094676168662	141.87510175419754
0.0	Cypridea_turgida	126.88920739632395	126.12998057145572
0.0	Cypridea_valdensis	135.36727759362594	121.09207500565006
0.0	Cypridea_varians	143.53076238218384	139.25262890436903
0.0	Cypridea_vectae	123.50985888595886	122.938823196372
0.0	Cypridea_ventriosa	123.76520458232584	117.70966922038221
0.0	Cypridea_ventrosa	140.8901625094351	139.34303190789905
0.0	Cypridea_vericae	135.59110652589524	134.30740190331903
0.0	Cypridea_verrucosa	136.0992626283763	134.05472333488336
0.0	Cypridea_vidrana	142.00796228302283	141.08590672480727
0.0	Cypridea_wandae	144.94055837680375	143.72495662408622
0.0	Cypridea_warlinghamensis	123.14554572797726	120.80112382419823
0.0	Cypridea_wicheri	141.37830229756295	139.00194664558643
0.0	Cypridea_wolburgi	141.30417416747167	140.89698166862672
0.0	Praecypridea_postelongata	169.18441760497603	168.6192549061091
0.0	Praecypridea_suprajurassica	160.30604230338304	150.36900421152208
