clade	species	ts	te
0.0	Cypridea_aaleyensis	127.95923956893569	117.13425047026472
0.0	Cypridea_acicularis	142.57323052061517	137.13662533247333
0.0	Cypridea_aculeata	136.46759911361113	134.0395819821798
0.0	Cypridea_aemulans	142.82652686893866	138.2068782888429
0.0	Cypridea_ahlmadoensis	119.8026534407144	118.67074394935949
0.0	Cypridea_alcaramae	136.20131176061759	135.66643579450795
0.0	Cypridea_aleksandrowiensis	142.69812205127053	142.50294240369405
0.0	Cypridea_alta	141.40928992052918	139.78045379157794
0.0	Cypridea_altilis	135.90925761115614	135.35913173504736
0.0	Cypridea_altissima	142.36810796302962	141.25705620811212
0.0	Cypridea_ambigua	143.89631556057563	142.75726441395415
0.0	Cypridea_amerikana	114.94302468763689	104.93035524212243
0.0	Cypridea_amisia	142.4796553213232	141.29419853181534
0.0	Cypridea_andersoni	141.85906099812001	140.41204444687446
0.0	Cypridea_aragonensis	129.85510959787598	124.43386108593086
0.0	Cypridea_araripensis	126.02594402666027	111.72903497591975
0.0	Cypridea_arenosa	135.9002669432994	134.49520080261806
0.0	Cypridea_asseri	135.88070535572356	134.53662107221072
0.0	Cypridea_australis	132.93701237613377	119.61052775774759
0.0	Cypridea_baidarensis	129.67038892282923	117.44555911572117
0.0	Cypridea_bapounou	122.9060582597026	122.08945227952279
0.0	Cypridea_bibullata	126.09744932063322	123.48959055072551
0.0	Cypridea_bimammata	141.68438622417227	139.2450621802418
0.0	Cypridea_binodosa	144.01316757460575	142.58385989737897
0.0	Cypridea_bispinosa	136.39486244499446	132.4688454681147
0.0	Cypridea_blackbushensis	137.67766076833766	134.54752367607676
0.0	Cypridea_boulmanensis	117.87731853304533	116.4554305496755
0.0	Cypridea_brendae	128.7043148502285	127.08559512495123
0.0	Cypridea_brevicornis	110.3766631207312	104.71121952052522
0.0	Cypridea_brevirostrata	142.0831730213302	138.6972340394204
0.0	Cypridea_bubonulata	142.22762346315466	142.02298415363154
0.0	Cypridea_bullata	119.29215509160092	118.0198265376854
0.0	Cypridea_buxtorfi	143.5052548278783	143.3124553937039
0.0	Cypridea_candeiensis	141.88045249016486	139.9970712199822
0.0	Cypridea_caudata	122.8098747675577	121.97760209147091
0.0	Cypridea_cayelli	120.7235210781108	119.6923431124511
0.0	Cypridea_cidacosia	130.72290580489803	123.10630176680765
0.0	Cypridea_clavata	132.0543124900249	120.83066262861627
0.0	Cypridea_coelnothi	143.42460042742428	142.48581513431134
0.0	Cypridea_compta	116.89166288757887	99.74026960469605
0.0	Cypridea_comptonensis	123.48377910968111	122.33649687285872
0.0	Cypridea_conjugata	123.86934759438594	122.43001998134982
0.0	Cypridea_cornuta	130.56985139096392	122.79759210326104
0.0	Cypridea_craigi	117.08351902536026	103.13937534709346
0.0	Cypridea_cuckmerensis	123.06730717917179	120.85196161529618
0.0	Cypridea_cymerata	125.72036267003672	119.8178349379794
0.0	Cypridea_cyrtorostralis	126.77392514920149	116.41343359382591
0.0	Cypridea_daoudensis	128.3185786492065	124.57549490597907
0.0	Cypridea_darvelensis	142.0290993582936	140.77437084489844
0.0	Cypridea_deklaszi	123.42691846023462	121.30436472133721
0.0	Cypridea_delicatula	143.40908157247569	142.59340346515464
0.0	Cypridea_delicatula*	120.7638556298663	119.7164826704367
0.0	Cypridea_demandae	129.44812976757768	121.0131313903639
0.0	Cypridea_demnatensis	152.2126392214622	151.58458081419815
0.0	Cypridea_dequeenensis	113.01273076257763	102.58304462568626
0.0	Cypridea_diminuta	119.0377929743597	101.02546673801739
0.0	Cypridea_dolabrata	141.63604074567743	137.64901982422825
0.0	Cypridea_dorsispinata	132.4461498383084	127.8857573391934
0.0	Cypridea_dorsoinclinata	139.51983152071523	139.14087841629419
0.0	Cypridea_dromedarius	135.1415913386234	131.63087155737557
0.0	Cypridea_dunkeri	147.11539137513375	142.21062031458314
0.0	Cypridea_elisabethaensis	119.38453363462632	118.19063904377043
0.0	Cypridea_ellipsoidea	135.5263154859649	128.9967933616436
0.0	Cypridea_eminens	125.74398666861669	124.95977133946339
0.0	Cypridea_fasciata	124.0433798110081	120.95705785993862
0.0	Cypridea_faveolata	121.44815243417435	120.64002165326654
0.0	Cypridea_feruglioi	111.70181912432126	109.97472541719418
0.0	Cypridea_frithwaldi	136.44419851341513	134.3691252085421
0.0	Cypridea_funduklensis	142.3691339512795	139.6124501165512
0.0	Cypridea_gabonensis	136.89746157606575	136.39661618088184
0.0	Cypridea_garurensis	119.83774119437193	118.72216518784188
0.0	Cypridea_giffordi	135.86071686336865	134.4995049100291
0.0	Cypridea_granulosa	145.02579916272163	140.53194215637157
0.0	Cypridea_grekoffi	138.29408541630414	137.81571611135112
0.0	Cypridea_hadronodosa	141.7125138140181	140.16968263259633
0.0	Cypridea_hamakoussouensis	119.81519854223544	118.58525906368064
0.0	Cypridea_hamata	123.41503661372616	120.91691658670585
0.0	Cypridea_helenae	136.1813370715607	134.51076400706006
0.0	Cypridea_heliopolisensis	130.04262344611445	117.32172517158172
0.0	Cypridea_heliopolisensis_hespera	141.77663721284213	138.01065114458146
0.0	Cypridea_hispida	126.77944094770946	125.65668205116052
0.0	Cypridea_hollensis	123.38266507156072	121.14635583585834
0.0	Cypridea_hystricoides	127.95002171660718	123.94754494243945
0.0	Cypridea_hystrix	134.31335609357092	133.73347935741356
0.0	Cypridea_inaequalis	142.11046663849638	140.45174271551716
0.0	Cypridea_indiennensis	144.04087120752206	136.8257629220192
0.0	Cypridea_infima	141.80379783533834	137.7110154491545
0.0	Cypridea_insolita	122.58378601721016	121.72426081734817
0.0	Cypridea_isasae	130.13410519686198	121.92057390270901
0.0	Cypridea_jequiensis	121.88407039789399	120.9483441612116
0.0	Cypridea_kitariensis	95.81541921380214	90.92605925767256
0.0	Cypridea_kroemmelbeini	138.239075101521	137.75832449391496
0.0	Cypridea_laeli	114.29941531103312	105.7978979607596
0.0	Cypridea_laevigata	141.93598952824527	132.23590054319544
0.0	Cypridea_langei	126.58332494312944	125.77242604664046
0.0	Cypridea_lasius	136.3754914116541	133.40356267575675
0.0	Cypridea_lata	144.4982947376374	140.62307180393805
0.0	Cypridea_lenticuIa	120.9344613302233	119.91188015480154
0.0	Cypridea_libanensis	130.91369758356583	117.47935765118652
0.0	Cypridea_limae	122.82812009534096	122.02014541202412
0.0	Cypridea_loango	123.19883375033749	121.12895255550558
0.0	Cypridea_longispina	141.9638946377964	132.05668873189734
0.0	Cypridea_ludica	125.42387501644015	119.95409978394784
0.0	Cypridea_lunula	131.84046976997772	128.85552232082324
0.0	Cypridea_luzi	138.33172132689324	137.84629249272493
0.0	Cypridea_maior	138.1844522693427	137.6983578801388
0.0	Cypridea_marginata	122.31809628222284	118.57054211156111
0.0	Cypridea_marina	128.79519212335126	125.75991444336445
0.0	Cypridea_maringaensis	120.57765499898	116.84181561663617
0.0	Cypridea_martini	142.09766945505453	141.32110168470686
0.0	Cypridea_melvillei	139.3348269424494	133.18599005539056
0.0	Cypridea_menevensis	139.59307441599418	135.11844141442415
0.0	Cypridea_menevoides	107.39193981091813	105.52824754079539
0.0	Cypridea_minuscula	142.97415997545974	136.3531838111181
0.0	Cypridea_minuta	117.33731719224194	113.03279995788957
0.0	Cypridea_mirabilis	143.70359648844493	143.5107094789148
0.0	Cypridea_miritiensis	141.88755511932118	138.01110802347026
0.0	Cypridea_modesta	127.42001610861107	126.57231892326924
0.0	Cypridea_modestissima	125.6030914819448	121.56405643001432
0.0	Cypridea_mohandi	156.92824246652467	150.39886252409522
0.0	Cypridea_montoriana	124.09431972212722	123.31410396082961
0.0	Cypridea_morula	139.33419961079613	138.88601429437296
0.0	Cypridea_muelleri	129.60709408736085	128.71024668547685
0.0	Cypridea_multipunctata	136.09847496381963	135.5466527101171
0.0	Cypridea_nannorostrata	123.86060679928796	122.46899472561726
0.0	Cypridea_nitidula	110.82671483769838	100.69271313997139
0.0	Cypridea_nodobliqua	141.1580838311383	140.93213436362367
0.0	Cypridea_obesa	120.42524876383766	101.28334182390823
0.0	Cypridea_obliqua	142.08604141907418	140.23254213204132
0.0	Cypridea_oblonga	120.97955462616625	119.98811927521277
0.0	Cypridea_ogowensis	125.71326302617025	124.93243697784979
0.0	Cypridea_opifera	138.58894821918219	138.11708329701295
0.0	Cypridea_orientalis	124.03787684698848	118.7536485082251
0.0	Cypridea_ovalis	122.36375700937009	118.67398359520594
0.0	Cypridea_papilata	122.24862817350174	118.55071142276422
0.0	Cypridea_paraibensis	144.01329238344383	123.11104433268333
0.0	Cypridea_parallela	141.27467227755278	140.1625188275883
0.0	Cypridea_paulsgrovensis	139.3257381589716	134.48388496784966
0.0	Cypridea_pecki	117.8927809307693	116.41706613572137
0.0	Cypridea_peltoides	145.49112471621717	141.82275421456217
0.0	Cypridea_pendae	136.12032797031972	134.26177539173392
0.0	Cypridea_penshurstensis	142.8547537385774	139.7318196798068
0.0	Cypridea_piedmonti	141.93472587429872	130.17596437803377
0.0	Cypridea_poligonalis	120.9492444790048	119.96502517967178
0.0	Cypridea_posticalis	143.56513610247103	142.61728506167063
0.0	Cypridea_praealta	144.12432268711686	141.319182295993
0.0	Cypridea_primaeva	146.90347053090528	141.9425875395854
0.0	Cypridea_primaria	144.21970319816194	144.02730058516582
0.0	Cypridea_procera	130.6407229498295	122.90910715806159
0.0	Cypridea_propunctata	141.69862208573085	139.2856805108051
0.0	Cypridea_pseudomarina	124.69097213251132	123.52667378225784
0.0	Cypridea_pulchra	142.59954763433635	142.39167778424786
0.0	Cypridea_pumila	130.126229199152	125.78857777611775
0.0	Cypridea_punctacentralis	128.15648658199584	123.63881499651995
0.0	Cypridea_quadrangulata	124.60186071794719	108.8752667412174
0.0	Cypridea_quadrata	122.4754015906959	100.29508964922648
0.0	Cypridea_quadrilateralis	129.72896391633918	125.89429195354954
0.0	Cypridea_quarta	119.34387127764276	118.14962327387275
0.0	Cypridea_ranquiliensis	119.56766028220282	114.69304755682556
0.0	Cypridea_recta	140.30992347190474	132.62125854500542
0.0	Cypridea_renalis	131.0513219506995	130.29412691404914
0.0	Cypridea_reticularis	121.09731070558706	120.09341319169192
0.0	Cypridea_rhahelensis	128.3423916394764	124.77450481189811
0.0	Cypridea_riojoanensis	122.11048794285941	121.10386891830917
0.0	Cypridea_robusta	137.71125062432625	137.2508470910609
0.0	Cypridea_rostralis	120.78630473428731	119.79461774401743
0.0	Cypridea_rotundata	124.57678692313924	120.97619511515117
0.0	Cypridea_sagena	143.80134522351224	142.39673866927671
0.0	Cypridea_salvadorensis	139.01430968805687	138.60115041621415
0.0	Cypridea_sambaensis	119.25445355535557	118.0468508297483
0.0	Cypridea_sellata	142.81283487599876	141.89922015360153
0.0	Cypridea_semilunaris	123.90785513193131	122.58917841723418
0.0	Cypridea_sidonensis	123.91769853713537	118.40828092629927
0.0	Cypridea_simplissima	144.9999452702227	137.51368113312134
0.0	Cypridea_simplissima*	120.66115887682876	119.62445061146613
0.0	Cypridea_soriana	140.14818060022597	121.74401675672756
0.0	Cypridea_spinata	121.44793669007689	120.62841472264721
0.0	Cypridea_spinigera	124.12599638630387	121.02123332556324
0.0	Cypridea_subcuadrata	125.26797779158791	122.01748864071641
0.0	Cypridea_subtilis	139.43022649916497	136.83370603129032
0.0	Cypridea_subtrapezoidalis	120.60465591307914	119.54563276682767
0.0	Cypridea_suspecta	141.73872292537925	140.04033402527025
0.0	Cypridea_swanagensis	142.93967805395056	142.55515174121737
0.0	Cypridea_tayasirensis	131.16050220049203	122.8237481506315
0.0	Cypridea_tchibodaensis	122.48803728559288	120.85440784670848
0.0	Cypridea_tenuis	124.16451717002168	120.97781380808806
0.0	Cypridea_tertia	119.19928772502725	117.9590153305033
0.0	Cypridea_tilleyi	110.16953383693836	108.24281243488433
0.0	Cypridea_tosca	121.09748818820191	120.10994606116063
0.0	Cypridea_trinodosa	143.80905345579455	142.91251927746276
0.0	Cypridea_troelseni	134.71784448507486	134.09381482344824
0.0	Cypridea_tuberculata	142.036358497105	124.73461950980511
0.0	Cypridea_tucanoensis	139.7659091117711	135.40968149026492
0.0	Cypridea_tumescens	147.10929759062589	141.8806517813878
0.0	Cypridea_turgida	127.66906442136423	126.85781390004901
0.0	Cypridea_ultima	119.56578350267503	118.38525814350145
0.0	Cypridea_valdensis	135.350202297873	121.84542736417363
0.0	Cypridea_varians	143.57237872752728	139.29744641518417
0.0	Cypridea_variebullata	142.22726102344024	137.0201869227992
0.0	Cypridea_vectae	123.52415668966688	122.9463764317843
0.0	Cypridea_ventriosa	123.6510266610966	118.30361020239201
0.0	Cypridea_ventronodata	137.34235632724327	131.5800828198482
0.0	Cypridea_ventrosa	140.96867441170411	139.32560321381214
0.0	Cypridea_ventrospinata	130.06035405844057	126.80378894132942
0.0	Cypridea_vericae	135.57328819348194	134.32062586110862
0.0	Cypridea_verrucosa	136.11383116821168	134.01440936237364
0.0	Cypridea_vianai	143.87643939203392	142.81399584605848
0.0	Cypridea_vidrana	142.0249662800328	141.07629754668545
0.0	Cypridea_volubilis	125.96940854414545	121.19313905125051
0.0	Cypridea_vulgaris	134.6194658794388	133.98928250886507
0.0	Cypridea_wandae	144.92030214663149	143.72767019694197
0.0	Cypridea_warlinghamensis	123.04094932438322	120.85018713311135
0.0	Cypridea_wicheri	141.40027991291913	138.9978997623676
0.0	Cypridea_wolburgi	141.33255769410692	140.87836237299373
0.0	Cypridea_wyomingensis	116.27903749672495	100.99206789801897
0.0	Cypridea_yakokoensis	119.4668838598186	118.29093310503102
0.0	Kegelina_anomala	118.79439371828718	99.25173941991422
0.0	Kegelina_armata	144.53452704395042	144.34040431062311
0.0	Kegelina_bisculpturata	144.8781501194212	143.99546471837718
0.0	Kegelina_depressa	144.5758887327373	144.38279324701247
0.0	Kegelina_kegeli	144.932164098551	143.94006416500167
0.0	Paracypridea_bicallosa	136.4533749620096	135.92983213211133
0.0	Paracypridea_brasiliensis	137.66849781184814	131.50143190379904
0.0	Paracypridea_connectens	126.52015734751346	125.71190912177123
0.0	Paracypridea_elegans	133.63949749574496	128.64082297353974
0.0	Paracypridea_impar	134.5784336828868	133.95092683713838
0.0	Paracypridea_langdoni	130.17930992851925	129.28145950813507
0.0	Paracypridea_maacki	137.03353566497663	133.36214952587525
0.0	Paracypridea_obovata	130.33833917246173	126.20880436882369
0.0	Paracypridea_quadrirugosa	125.94818116761165	122.98032875901762
0.0	Paracypridea_rhomboidalis	129.42830529520293	126.81145601728018
0.0	Paracypridea_similis	131.87503343189437	128.57504045175452
0.0	Paraplesiocypridea_alloios	129.9018628609386	129.1838620290503
0.0	Praecypridea_acuta	144.51521887234873	144.32211403863036
0.0	Praecypridea_acuticyatha	153.49878322464224	150.36414381344812
0.0	Praecypridea_postelongata	169.2271153865839	168.58224715699154
0.0	Praecypridea_suprajurassica	160.01963736460362	150.84030630346302
